 eta 0 energy 0 bias 0 673159 0.989376 0.0473537 -0.977623 2.54279
 eta 0 energy 0 bias 1 672238 0.990587 0.0473911 -0.97286 2.57425
 eta 0 energy 0 bias 2 671214 0.991824 0.047457 -0.970104 2.59563
 eta 0 energy 0 bias 3 669708 0.993082 0.0475906 -0.968945 2.6131
 eta 0 energy 0 bias 4 668144 0.994377 0.0477595 -0.970713 2.61263
 eta 0 energy 0 bias 5 666326 0.995708 0.0479744 -0.97416 2.60614
 eta 0 energy 0 bias 6 664462 0.99705 0.0481955 -0.977936 2.59732
 eta 0 energy 0 bias 7 662686 0.998405 0.0484198 -0.982513 2.58356
 eta 0 energy 0 bias 8 660843 0.999786 0.0486682 -0.988509 2.5656
 eta 0 energy 0 bias 9 658995 1.00118 0.0489311 -0.995505 2.5411
 eta 0 energy 0 bias 10 657291 1.00255 0.0491605 -1.001 2.52362
 eta 0 energy 0 bias 11 655576 1.00395 0.0493978 -1.00849 2.48971
 eta 0 energy 0 bias 12 653887 1.00532 0.0496151 -1.01414 2.46764
 eta 0 energy 0 bias 13 652456 1.00662 0.0497664 -1.01542 2.46747
 eta 0 energy 0 bias 14 650770 1.00793 0.0499508 -1.01741 2.46472
 eta 0 energy 0 bias 15 649079 1.00923 0.0501183 -1.01749 2.47422
 eta 0 energy 1 bias 0 1.77066e+06 0.992117 0.0477424 -0.847144 2.28308
 eta 0 energy 1 bias 1 1.76654e+06 0.993991 0.0478196 -0.842514 2.31273
 eta 0 energy 1 bias 2 1.76174e+06 0.99586 0.0479294 -0.837967 2.34609
 eta 0 energy 1 bias 3 1.7566e+06 0.997791 0.048097 -0.836439 2.36623
 eta 0 energy 1 bias 4 1.75101e+06 0.999782 0.0483248 -0.837876 2.37099
 eta 0 energy 1 bias 5 1.74521e+06 1.00183 0.04859 -0.840958 2.36957
 eta 0 energy 1 bias 6 1.73872e+06 1.00392 0.0489337 -0.847528 2.34943
 eta 0 energy 1 bias 7 1.73249e+06 1.00607 0.0492969 -0.856193 2.31796
 eta 0 energy 1 bias 8 1.72649e+06 1.00825 0.0496887 -0.867813 2.26988
 eta 0 energy 1 bias 9 1.72059e+06 1.01039 0.0500348 -0.876731 2.23516
 eta 0 energy 1 bias 10 1.71517e+06 1.01245 0.0503111 -0.881584 2.222
 eta 0 energy 1 bias 11 1.70971e+06 1.01447 0.0505553 -0.88451 2.21584
 eta 0 energy 1 bias 12 1.70442e+06 1.01641 0.0507326 -0.882439 2.23691
 eta 0 energy 1 bias 13 1.69867e+06 1.01833 0.0509157 -0.879979 2.25893
 eta 0 energy 1 bias 14 1.69257e+06 1.0203 0.0511368 -0.878983 2.27691
 eta 0 energy 1 bias 15 1.68631e+06 1.02234 0.0514062 -0.881015 2.27996
 eta 0 energy 2 bias 0 2.53626e+06 0.993052 0.0483969 -0.755593 2.17201
 eta 0 energy 2 bias 1 2.52857e+06 0.995507 0.0485631 -0.753687 2.19209
 eta 0 energy 2 bias 2 2.52096e+06 0.997865 0.0486563 -0.74792 2.23171
 eta 0 energy 2 bias 3 2.51124e+06 1.00031 0.0488621 -0.74522 2.26102
 eta 0 energy 2 bias 4 2.50048e+06 1.00286 0.0491784 -0.746465 2.27263
 eta 0 energy 2 bias 5 2.48936e+06 1.00551 0.0495815 -0.751495 2.26516
 eta 0 energy 2 bias 6 2.47801e+06 1.00829 0.0500674 -0.760634 2.23698
 eta 0 energy 2 bias 7 2.46698e+06 1.01115 0.050603 -0.773639 2.18572
 eta 0 energy 2 bias 8 2.45667e+06 1.01394 0.0510799 -0.784584 2.14383
 eta 0 energy 2 bias 9 2.44677e+06 1.01661 0.0514628 -0.791247 2.11987
 eta 0 energy 2 bias 10 2.43693e+06 1.01917 0.0517533 -0.791867 2.1311
 eta 0 energy 2 bias 11 2.42617e+06 1.02166 0.0520082 -0.788575 2.1655
 eta 0 energy 2 bias 12 2.41507e+06 1.02422 0.0523174 -0.788484 2.18262
 eta 0 energy 2 bias 13 2.40324e+06 1.02692 0.0527301 -0.793105 2.17578
 eta 0 energy 2 bias 14 751456 1.03145 0.145305 -1.3606 1.06326
 eta 0 energy 2 bias 15 2.38033e+06 1.03253 0.0536979 -0.811802 2.10984
 eta 0 energy 3 bias 0 2.40611e+06 0.993211 0.0492826 -0.695673 2.09471
 eta 0 energy 3 bias 1 2.39769e+06 0.996225 0.0495514 -0.697097 2.09906
 eta 0 energy 3 bias 2 2.3882e+06 0.999095 0.0497428 -0.693057 2.13456
 eta 0 energy 3 bias 3 2.37747e+06 1.00201 0.0499909 -0.690312 2.16509
 eta 0 energy 3 bias 4 2.36494e+06 1.00514 0.0504377 -0.693931 2.16653
 eta 0 energy 3 bias 5 2.35229e+06 1.00842 0.0510141 -0.702998 2.13895
 eta 0 energy 3 bias 6 2.34014e+06 1.01183 0.0516718 -0.717222 2.08174
 eta 0 energy 3 bias 7 2.3284e+06 1.01517 0.052283 -0.729629 2.03548
 eta 0 energy 3 bias 8 2.31756e+06 1.01836 0.0527553 -0.736411 2.01743
 eta 0 energy 3 bias 9 2.30683e+06 1.02138 0.0530898 -0.736158 2.03575
 eta 0 energy 3 bias 10 2.29495e+06 1.02436 0.053425 -0.734179 2.06612
 eta 0 energy 3 bias 11 2.28241e+06 1.0275 0.0538765 -0.737446 2.06871
 eta 0 energy 3 bias 12 2.26912e+06 1.0308 0.0544693 -0.746534 2.03984
 eta 0 energy 3 bias 13 2.25687e+06 1.03422 0.0551148 -0.760546 1.98349
 eta 0 energy 3 bias 14 1.77812e+06 1.05831 0.0830677 2.31239 1.00296
 eta 0 energy 3 bias 15 2.23493e+06 1.04081 0.0561648 -0.78043 1.90648
 eta 0 energy 4 bias 0 1.7376e+06 0.99289 0.050149 -0.653918 2.05502
 eta 0 energy 4 bias 1 1.7306e+06 0.996459 0.0505556 -0.659509 2.03821
 eta 0 energy 4 bias 2 1.72302e+06 0.999794 0.0508103 -0.656924 2.06888
 eta 0 energy 4 bias 3 1.71411e+06 1.00311 0.0510914 -0.652891 2.1119
 eta 0 energy 4 bias 4 1.70415e+06 1.00668 0.0516113 -0.656729 2.11555
 eta 0 energy 4 bias 5 1.69436e+06 1.01043 0.0522805 -0.667161 2.08005
 eta 0 energy 4 bias 6 1.68493e+06 1.01428 0.0530144 -0.68151 2.02099
 eta 0 energy 4 bias 7 1.67611e+06 1.01803 0.05365 -0.692632 1.98048
 eta 0 energy 4 bias 8 1.66685e+06 1.0216 0.0541681 -0.697319 1.97539
 eta 0 energy 4 bias 9 1.6572e+06 1.02502 0.0545718 -0.695615 2.00839
 eta 0 energy 4 bias 10 1.64687e+06 1.0286 0.0551057 -0.698778 2.01368
 eta 0 energy 4 bias 11 1.63625e+06 1.03242 0.0558208 -0.71004 1.97343
 eta 0 energy 4 bias 12 1.62696e+06 1.0363 0.0565259 -0.724109 1.91548
 eta 0 energy 4 bias 13 1.61808e+06 1.04011 0.0571668 -0.736365 1.86448
 eta 0 energy 4 bias 14 1.60926e+06 1.04374 0.0576881 -0.741932 1.85111
 eta 0 energy 4 bias 15 1.60003e+06 1.04718 0.0580682 -0.737604 1.89664
 eta 0 energy 5 bias 0 1.04305e+06 0.992418 0.0511666 -0.638903 1.96239
 eta 0 energy 5 bias 1 1.03864e+06 0.996364 0.0515778 -0.643662 1.95163
 eta 0 energy 5 bias 2 1.03385e+06 1.00004 0.0518194 -0.640211 1.98294
 eta 0 energy 5 bias 3 1.02809e+06 1.00371 0.0521363 -0.63631 2.02447
 eta 0 energy 5 bias 4 1.02191e+06 1.00765 0.0526832 -0.640194 2.02516
 eta 0 energy 5 bias 5 1.01543e+06 1.01189 0.0534846 -0.653341 1.97701
 eta 0 energy 5 bias 6 1.0093e+06 1.0162 0.0543165 -0.669246 1.91286
 eta 0 energy 5 bias 7 734587 1.04472 0.0979422 -1.18449 3.53861
 eta 0 energy 5 bias 8 664277 1.04427 0.128408 -1.01917 7.76504
 eta 0 energy 5 bias 9 354788 0.915135 0.406181 -1 2
 eta 0 energy 5 bias 10 984456 1.03222 0.0566475 -0.688232 1.89895
 eta 0 energy 5 bias 11 978271 1.03651 0.0574318 -0.70211 1.84675
 eta 0 energy 5 bias 12 972397 1.04075 0.058169 -0.715465 1.79307
 eta 0 energy 5 bias 13 966668 1.0448 0.0587352 -0.720638 1.78543
 eta 0 energy 5 bias 14 960579 1.04867 0.0591952 -0.718387 1.82034
 eta 0 energy 5 bias 15 663748 1.07984 0.0929466 -1.80425 2.00542
 eta 0 energy 6 bias 0 554252 0.991647 0.0519581 -0.617786 1.97632
 eta 0 energy 6 bias 1 551557 0.996053 0.0525122 -0.625505 1.95054
 eta 0 energy 6 bias 2 548824 1.00009 0.0527907 -0.62206 1.98637
 eta 0 energy 6 bias 3 545813 1.00405 0.0530289 -0.61527 2.0471
 eta 0 energy 6 bias 4 542222 1.00841 0.0536405 -0.619585 2.04892
 eta 0 energy 6 bias 5 538772 1.01312 0.0545533 -0.636645 1.97139
 eta 0 energy 6 bias 6 535470 1.0177 0.0553773 -0.65115 1.90944
 eta 0 energy 6 bias 7 532141 1.02204 0.0560047 -0.656839 1.9002
 eta 0 energy 6 bias 8 528714 1.02616 0.0564482 -0.65472 1.92927
 eta 0 energy 6 bias 9 525076 1.03048 0.0570574 -0.658032 1.93366
 eta 0 energy 6 bias 10 521541 1.03507 0.0578692 -0.67062 1.88196
 eta 0 energy 6 bias 11 518321 1.03977 0.0587218 -0.687542 1.81004
 eta 0 energy 6 bias 12 515093 1.0442 0.0594059 -0.697 1.77366
 eta 0 energy 6 bias 13 511757 1.04835 0.0598816 -0.693689 1.81909
 eta 0 energy 6 bias 14 508103 1.0527 0.0605126 -0.696289 1.83179
 eta 0 energy 6 bias 15 504917 1.05723 0.0612097 -0.705807 1.8011
 eta 0 energy 7 bias 0 272797 0.991918 0.0539366 -0.629753 1.86774
 eta 0 energy 7 bias 1 271596 0.996439 0.054292 -0.632499 1.86128
 eta 0 energy 7 bias 2 270260 1.00065 0.054459 -0.62532 1.91043
 eta 0 energy 7 bias 3 268808 1.00504 0.0547975 -0.624055 1.93074
 eta 0 energy 7 bias 4 267096 1.00973 0.0554782 -0.631053 1.91514
 eta 0 energy 7 bias 5 265526 1.01463 0.0562949 -0.645247 1.8599
 eta 0 energy 7 bias 6 263839 1.0194 0.0570384 -0.654912 1.82893
 eta 0 energy 7 bias 7 262163 1.02389 0.0575184 -0.653384 1.86105
 eta 0 energy 7 bias 8 260386 1.02845 0.0580973 -0.655143 1.87971
 eta 0 energy 7 bias 9 258706 1.03319 0.0588014 -0.662242 1.86884
 eta 0 energy 7 bias 10 257122 1.03805 0.0596012 -0.677377 1.79556
 eta 0 energy 7 bias 11 255564 1.04285 0.0603266 -0.689515 1.74093
 eta 0 energy 7 bias 12 253811 1.04732 0.0608828 -0.688214 1.77038
 eta 0 energy 7 bias 13 251932 1.05198 0.0615533 -0.692135 1.76656
 eta 0 energy 7 bias 14 250294 1.05682 0.0623107 -0.703535 1.72454
 eta 0 energy 7 bias 15 248836 1.0617 0.0630423 -0.71764 1.66061
 eta 0 energy 8 bias 0 128098 0.991989 0.0559434 -0.625628 1.86436
 eta 0 energy 8 bias 1 127690 0.99662 0.0560491 -0.62618 1.84999
 eta 0 energy 8 bias 2 127096 1.0009 0.0560831 -0.614521 1.92928
 eta 0 energy 8 bias 3 126348 1.00548 0.0565266 -0.614341 1.94525
 eta 0 energy 8 bias 4 125491 1.01046 0.0573543 -0.623063 1.92935
 eta 0 energy 8 bias 5 124732 1.01555 0.0581382 -0.634639 1.88771
 eta 0 energy 8 bias 6 123949 1.02056 0.0588684 -0.645266 1.83875
 eta 0 energy 8 bias 7 123211 1.02514 0.0592223 -0.641129 1.87743
 eta 0 energy 8 bias 8 122367 1.02972 0.0597056 -0.63563 1.95273
 eta 0 energy 8 bias 9 121640 1.03471 0.0604165 -0.645363 1.91424
 eta 0 energy 8 bias 10 120861 1.03994 0.0613306 -0.66265 1.82705
 eta 0 energy 8 bias 11 120057 1.04492 0.0620789 -0.673014 1.77386
 eta 0 energy 8 bias 12 119227 1.04967 0.062654 -0.672025 1.80633
 eta 0 energy 8 bias 13 118388 1.05463 0.0633631 -0.678213 1.78906
 eta 0 energy 8 bias 14 117589 1.05978 0.0642023 -0.690767 1.73519
 eta 0 energy 8 bias 15 116899 1.06476 0.0649044 -0.703393 1.6702
 eta 0 energy 9 bias 0 103376 0.991547 0.0596726 -0.628366 1.84508
 eta 0 energy 9 bias 1 102942 0.996308 0.0597868 -0.624614 1.86455
 eta 0 energy 9 bias 2 102519 1.0008 0.0596954 -0.610611 1.96316
 eta 0 energy 9 bias 3 101840 1.00594 0.0604705 -0.618393 1.93837
 eta 0 energy 9 bias 4 101287 1.01127 0.0612596 -0.6319 1.87031
 eta 0 energy 9 bias 5 100673 1.01639 0.0619617 -0.639197 1.84377
 eta 0 energy 9 bias 6 100170 1.02117 0.0623139 -0.637576 1.86705
 eta 0 energy 9 bias 7 99432.3 1.026 0.0628686 -0.633415 1.92224
 eta 0 energy 9 bias 8 98802.6 1.03115 0.063584 -0.640893 1.89131
 eta 0 energy 9 bias 9 98144 1.03678 0.0646697 -0.662851 1.77441
 eta 0 energy 9 bias 10 97551.3 1.0418 0.065261 -0.665706 1.77731
 eta 0 energy 9 bias 11 96983.8 1.04659 0.0656947 -0.661872 1.82333
 eta 0 energy 9 bias 12 96331 1.05149 0.0662427 -0.659674 1.85762
 eta 0 energy 9 bias 13 95668.9 1.05695 0.0672308 -0.676241 1.78096
 eta 0 energy 9 bias 14 95048.1 1.06224 0.068039 -0.687102 1.73514
 eta 0 energy 9 bias 15 94430.9 1.06742 0.0687438 -0.695173 1.69102
 eta 1 energy 0 bias 0 12731.8 0.984553 0.0782498 -0.900767 3.39434
 eta 1 energy 0 bias 1 12705.7 0.985909 0.0787682 -0.916754 3.22886
 eta 1 energy 0 bias 2 12701.3 0.987094 0.0785874 -0.906401 3.36234
 eta 1 energy 0 bias 3 12673.8 0.988345 0.0788854 -0.911869 3.29467
 eta 1 energy 0 bias 4 12743.9 0.987878 0.0760385 -0.768003 8.01464
 eta 1 energy 0 bias 5 12634.5 0.990498 0.0794063 -0.912337 3.35693
 eta 1 energy 0 bias 6 12616.1 0.991586 0.0794877 -0.904352 3.51345
 eta 1 energy 0 bias 7 12599.2 0.992733 0.0795192 -0.896731 3.64449
 eta 1 energy 0 bias 8 12587.6 0.993937 0.079632 -0.896619 3.68243
 eta 1 energy 0 bias 9 12564.5 0.995123 0.0797654 -0.892434 3.79293
 eta 1 energy 0 bias 10 12545.8 0.996305 0.079846 -0.889346 3.86346
 eta 1 energy 0 bias 11 10789.6 0.982665 0.126009 1.08109 1.67262
 eta 1 energy 0 bias 12 12487 0.998504 0.0805949 -0.884996 4.19501
 eta 1 energy 0 bias 13 12472.9 0.99999 0.0804498 -0.879518 4.33051
 eta 1 energy 0 bias 14 12457.3 1.00131 0.0804742 -0.876443 4.45942
 eta 1 energy 0 bias 15 12442.2 1.00254 0.0806731 -0.877387 4.51042
 eta 1 energy 1 bias 0 50688.2 0.993728 0.0836615 -0.801478 2.72415
 eta 1 energy 1 bias 1 50635.1 0.995608 0.0834955 -0.796138 2.77743
 eta 1 energy 1 bias 2 62520.1 0.933333 0.0101262 -0.0604633 10
 eta 1 energy 1 bias 3 43135.1 0.980732 0.143751 -2.39534 9.48296
 eta 1 energy 1 bias 4 50461 1.00079 0.0834153 -0.787207 2.86362
 eta 1 energy 1 bias 5 50375.6 1.00262 0.0835536 -0.787452 2.86637
 eta 1 energy 1 bias 6 50302.1 1.00433 0.0835969 -0.783573 2.90763
 eta 1 energy 1 bias 7 50219 0.907922 0.0188971 -0.0791867 10
 eta 1 energy 1 bias 8 50159.4 1.00781 0.0836734 -0.774678 3.05356
 eta 1 energy 1 bias 9 50042.9 1.00958 0.0840044 -0.776142 3.05117
 eta 1 energy 1 bias 10 49966.9 1.01146 0.0840379 -0.772147 3.14122
 eta 1 energy 1 bias 11 49816.6 1.01338 0.0845412 -0.777245 3.10378
 eta 1 energy 1 bias 12 49672.5 1.01535 0.0851406 -0.79032 2.91404
 eta 1 energy 1 bias 13 49587.4 1.01732 0.0853337 -0.794865 2.84618
 eta 1 energy 1 bias 14 49515.5 1.01913 0.0853872 -0.792966 2.87499
 eta 1 energy 1 bias 15 49447.3 1.02087 0.0853949 -0.784392 3.06969
 eta 1 energy 2 bias 0 105743 0.998517 0.084714 -0.669941 2.82171
 eta 1 energy 2 bias 1 105576 1.00065 0.0846508 -0.66485 2.89557
 eta 1 energy 2 bias 2 105358 1.00288 0.0848874 -0.665239 2.91666
 eta 1 energy 2 bias 3 105121 1.00528 0.0851059 -0.667377 2.8903
 eta 1 energy 2 bias 4 104989 1.00744 0.0849002 -0.658419 3.05838
 eta 1 energy 2 bias 5 104818 1.00956 0.0848449 -0.653403 3.13253
 eta 1 energy 2 bias 6 104596 1.01173 0.0849345 -0.64802 3.29114
 eta 1 energy 2 bias 7 104349 1.01399 0.0851641 -0.647571 3.32835
 eta 1 energy 2 bias 8 104112 1.01632 0.0853947 -0.646102 3.43778
 eta 1 energy 2 bias 9 103888 1.01866 0.0856987 -0.649599 3.36693
 eta 1 energy 2 bias 10 103645 1.02111 0.0860884 -0.654868 3.28474
 eta 1 energy 2 bias 11 103322 1.02342 0.0866411 -0.657801 3.30634
 eta 1 energy 2 bias 12 88409.2 1.03432 0.133687 0.858676 1.95526
 eta 1 energy 2 bias 13 102778 1.02809 0.0874442 -0.664076 3.23129
 eta 1 energy 2 bias 14 102512 1.03034 0.0878015 -0.664719 3.26094
 eta 1 energy 2 bias 15 102346 1.0325 0.0878315 -0.660928 3.37822
 eta 1 energy 3 bias 0 143923 1.00061 0.0880671 -0.611735 2.62395
 eta 1 energy 3 bias 1 143772 1.00314 0.0878285 -0.608729 2.6297
 eta 1 energy 3 bias 2 143357 1.00585 0.0882468 -0.611523 2.61361
 eta 1 energy 3 bias 3 143077 1.00829 0.0882731 -0.607722 2.67386
 eta 1 energy 3 bias 4 142770 1.01072 0.0882135 -0.601209 2.78783
 eta 1 energy 3 bias 5 142361 1.01326 0.0885399 -0.601386 2.79595
 eta 1 energy 3 bias 6 141987 1.01596 0.0888497 -0.603529 2.76034
 eta 1 energy 3 bias 7 141664 1.01856 0.0890708 -0.602906 2.79595
 eta 1 energy 3 bias 8 141284 1.02127 0.0894999 -0.604837 2.81968
 eta 1 energy 3 bias 9 140904 1.02401 0.0898773 -0.606679 2.82545
 eta 1 energy 3 bias 10 140537 1.02678 0.0903538 -0.611941 2.75395
 eta 1 energy 3 bias 11 140103 1.02948 0.0908093 -0.613416 2.76994
 eta 1 energy 3 bias 12 139749 1.03206 0.0910231 -0.609998 2.89291
 eta 1 energy 3 bias 13 139439 1.03465 0.0911776 -0.608752 2.93107
 eta 1 energy 3 bias 14 138994 1.03726 0.0915905 -0.607571 3.01072
 eta 1 energy 3 bias 15 138596 1.03988 0.0918711 -0.604035 3.17073
 eta 1 energy 4 bias 0 149186 1.00073 0.0919277 -0.586147 2.36628
 eta 1 energy 4 bias 1 148832 1.00363 0.0919994 -0.584794 2.3744
 eta 1 energy 4 bias 2 148567 1.00641 0.0918705 -0.580098 2.43693
 eta 1 energy 4 bias 3 148191 1.00924 0.0921421 -0.580557 2.43398
 eta 1 energy 4 bias 4 147876 1.01211 0.0921272 -0.576972 2.50348
 eta 1 energy 4 bias 5 147492 1.01511 0.092446 -0.578457 2.5099
 eta 1 energy 4 bias 6 147038 1.018 0.0929687 -0.580996 2.50153
 eta 1 energy 4 bias 7 146567 1.02093 0.093465 -0.582964 2.49762
 eta 1 energy 4 bias 8 146177 1.02389 0.0938136 -0.584633 2.49997
 eta 1 energy 4 bias 9 145809 1.02672 0.0939896 -0.582925 2.5255
 eta 1 energy 4 bias 10 145379 1.02968 0.0943491 -0.583698 2.54264
 eta 1 energy 4 bias 11 126888 1.04588 0.145579 -4.34659 1.00063
 eta 1 energy 4 bias 12 144432 1.03555 0.0952452 -0.585457 2.57181
 eta 1 energy 4 bias 13 144035 1.03834 0.0954488 -0.581317 2.69686
 eta 1 energy 4 bias 14 143557 1.04133 0.0960076 -0.584039 2.69621
 eta 1 energy 4 bias 15 143040 1.0443 0.0965397 -0.582547 2.82638
 eta 1 energy 5 bias 0 129157 1.00057 0.0963971 -0.550084 2.76896
 eta 1 energy 5 bias 1 128844 1.00352 0.0964203 -0.545599 2.91045
 eta 1 energy 5 bias 2 128643 1.00636 0.0959467 -0.536481 3.09098
 eta 1 energy 5 bias 3 128339 1.00925 0.0959797 -0.533708 3.13037
 eta 1 energy 5 bias 4 127970 1.01216 0.096113 -0.530227 3.22556
 eta 1 energy 5 bias 5 127539 1.01528 0.0965779 -0.531116 3.26934
 eta 1 energy 5 bias 6 127107 1.01858 0.0972495 -0.537008 3.13732
 eta 1 energy 5 bias 7 126680 1.02177 0.097824 -0.54001 3.10906
 eta 1 energy 5 bias 8 126224 1.02505 0.0985981 -0.545466 3.04148
 eta 1 energy 5 bias 9 125824 1.02827 0.0990183 -0.54597 3.08937
 eta 1 energy 5 bias 10 125422 1.03115 0.0992495 -0.539703 3.36698
 eta 1 energy 5 bias 11 125076 1.03405 0.0992789 -0.530139 3.92549
 eta 1 energy 5 bias 12 124695 1.03719 0.0996009 -0.52902 4.11914
 eta 1 energy 5 bias 13 124230 1.04041 0.100319 -0.535426 3.7765
 eta 1 energy 5 bias 14 123737 1.04391 0.101164 -0.541327 3.70189
 eta 1 energy 5 bias 15 123227 1.04741 0.102004 -0.54847 3.41626
 eta 1 energy 6 bias 0 102495 1.00037 0.103695 -0.560443 2.8395
 eta 1 energy 6 bias 1 102364 1.00316 0.102727 -0.543971 3.20082
 eta 1 energy 6 bias 2 102057 1.00652 0.103034 -0.544194 3.26781
 eta 1 energy 6 bias 3 101708 1.00974 0.103356 -0.541275 3.44869
 eta 1 energy 6 bias 4 101560 1.01164 0.101317 -0.487134 9.96409
 eta 1 energy 6 bias 5 101153 1.01625 0.103519 -0.533826 3.86318
 eta 1 energy 6 bias 6 89619.3 1.02335 0.168568 -2.45784 5.1021
 eta 1 energy 6 bias 7 100602 1.02287 0.103404 -0.524341 4.38045
 eta 1 energy 6 bias 8 100227 1.02639 0.104057 -0.524803 4.62568
 eta 1 energy 6 bias 9 99866.9 1.0297 0.104417 -0.520355 5.29063
 eta 1 energy 6 bias 10 99519.3 1.03295 0.104553 -0.512199 6.5942
 eta 1 energy 6 bias 11 99129.1 1.03644 0.105223 -0.511727 7.5017
 eta 1 energy 6 bias 12 98787.3 1.03985 0.105535 -0.508043 9.07425
 eta 1 energy 6 bias 13 98410.7 1.04341 0.10614 -0.511481 8.37052
 eta 1 energy 6 bias 14 97952.1 1.04699 0.10718 -0.514232 9.3505
 eta 1 energy 6 bias 15 97633.1 1.05035 0.107643 -0.514849 10
 eta 1 energy 7 bias 0 83667.3 0.902021 0.0552704 -0.156192 10
 eta 1 energy 7 bias 1 81497 0.906083 0.0548669 -0.149102 10
 eta 1 energy 7 bias 2 77320 1.00738 0.10826 -0.539416 3.65209
 eta 1 energy 7 bias 3 77040.4 1.01078 0.108905 -0.543105 3.55302
 eta 1 energy 7 bias 4 76891.6 1.01398 0.108496 -0.535362 3.82652
 eta 1 energy 7 bias 5 76675.2 1.01709 0.108084 -0.519962 4.88772
 eta 1 energy 7 bias 6 68602.3 1.02338 0.173685 -3.50717 6.96655
 eta 1 energy 7 bias 7 76043.1 1.02426 0.109765 -0.530536 4.39855
 eta 1 energy 7 bias 8 75739.5 1.02755 0.110154 -0.526936 4.78586
 eta 1 energy 7 bias 9 75495.5 1.03102 0.110554 -0.530007 4.48871
 eta 1 energy 7 bias 10 75291.2 1.03411 0.110253 -0.518081 5.56691
 eta 1 energy 7 bias 11 74995.2 1.03746 0.110883 -0.520823 5.15973
 eta 1 energy 7 bias 12 74699.5 1.04097 0.111476 -0.522941 5.0963
 eta 1 energy 7 bias 13 74416.7 1.04427 0.11182 -0.519569 5.34493
 eta 1 energy 7 bias 14 74153 1.04791 0.112331 -0.520512 5.52809
 eta 1 energy 7 bias 15 73753.6 1.0544 0.116307 -0.672627 1
 eta 1 energy 8 bias 0 56373.6 1.002 0.112731 -0.547742 3.94853
 eta 1 energy 8 bias 1 61055.3 0.9 0.0151257 -0.0402068 10
 eta 1 energy 8 bias 2 64295.5 0.93243 0.0111979 -0.0360454 10
 eta 1 energy 8 bias 3 58722 0.901283 0.015419 -0.0375164 10
 eta 1 energy 8 bias 4 55591.6 1.01518 0.113397 -0.520515 7.01122
 eta 1 energy 8 bias 5 55336.4 1.01868 0.114514 -0.522214 8.04457
 eta 1 energy 8 bias 6 50239 1.02467 0.175705 -1.90027 1.61615
 eta 1 energy 8 bias 7 50191.9 1.03042 0.172767 6.58563 9.31397
 eta 1 energy 8 bias 8 54771.7 1.02934 0.115789 -0.521541 10
 eta 1 energy 8 bias 9 54524.1 1.03316 0.11689 -0.526491 10
 eta 1 energy 8 bias 10 54306.1 1.03691 0.117472 -0.527033 10
 eta 1 energy 8 bias 11 54093.1 1.04076 0.118089 -0.527953 10
 eta 1 energy 8 bias 12 53850.9 1.0447 0.119047 -0.531505 9.99857
 eta 1 energy 8 bias 13 53609.6 1.04848 0.120079 -0.535159 10
 eta 1 energy 8 bias 14 53356.2 1.05227 0.121189 -0.540561 10
 eta 1 energy 8 bias 15 50027.4 1.06893 0.156366 0.939676 3.46016
 eta 1 energy 9 bias 0 116987 0.900814 0.0887573 -0.237309 10
 eta 1 energy 9 bias 1 107058 1.00869 0.127662 -0.598386 6.84715
 eta 1 energy 9 bias 2 106691 1.0123 0.127816 -0.588217 9.99998
 eta 1 energy 9 bias 3 106402 1.01602 0.127695 -0.585361 10
 eta 1 energy 9 bias 4 106138 1.0196 0.127628 -0.583389 10
 eta 1 energy 9 bias 5 105776 1.02329 0.128258 -0.585527 10
 eta 1 energy 9 bias 6 105442 1.02711 0.128249 -0.583978 10
 eta 1 energy 9 bias 7 105124 1.03064 0.128402 -0.581422 10
 eta 1 energy 9 bias 8 104761 1.03438 0.128663 -0.580676 10
 eta 1 energy 9 bias 9 72089.4 0.900942 0.270349 -0.0878522 4.31829
 eta 1 energy 9 bias 10 103991 1.04188 0.129588 -0.581551 10
 eta 1 energy 9 bias 11 103678 1.04538 0.129573 -0.577229 10
 eta 1 energy 9 bias 12 103333 1.04913 0.129903 -0.577938 10
 eta 1 energy 9 bias 13 102935 1.0527 0.130487 -0.57639 10
 eta 1 energy 9 bias 14 102512 1.05671 0.131079 -0.577663 10
 eta 1 energy 9 bias 15 102130 1.06025 0.131393 -0.573627 10
 eta 2 energy 0 bias 0 84902.8 0.938916 0.128252 -0.699502 1.96165
 eta 2 energy 0 bias 1 84791.5 0.940708 0.127386 -0.692266 1.99325
 eta 2 energy 0 bias 2 84635 0.942431 0.127045 -0.690382 1.98109
 eta 2 energy 0 bias 3 84545.1 0.943912 0.126642 -0.685541 2.01645
 eta 2 energy 0 bias 4 84462.7 0.945414 0.126102 -0.680525 2.03923
 eta 2 energy 0 bias 5 84345.2 0.947226 0.125266 -0.67322 2.08815
 eta 2 energy 0 bias 6 100367 0.9 0.0570349 -0.226859 10
 eta 2 energy 0 bias 7 100407 0.900841 0.05149 -0.203562 10
 eta 2 energy 0 bias 8 100599 0.900503 0.0491736 -0.193167 10
 eta 2 energy 0 bias 9 98811 0.903081 0.0573851 -0.223383 10
 eta 2 energy 0 bias 10 83829.5 0.95446 0.123496 -0.65116 2.25367
 eta 2 energy 0 bias 11 83676.8 0.956094 0.12331 -0.647875 2.30714
 eta 2 energy 0 bias 12 83522 0.957122 0.124147 -0.651344 2.30528
 eta 2 energy 0 bias 13 83412.8 0.958878 0.12305 -0.640601 2.40105
 eta 2 energy 0 bias 14 83267.6 0.960175 0.123393 -0.641741 2.39011
 eta 2 energy 0 bias 15 83156.8 0.961757 0.122944 -0.638153 2.4028
 eta 2 energy 1 bias 0 177155 0.956328 0.113684 -0.615837 2.44983
 eta 2 energy 1 bias 1 176793 0.958769 0.112793 -0.606861 2.52769
 eta 2 energy 1 bias 2 176570 0.961312 0.111475 -0.596826 2.58378
 eta 2 energy 1 bias 3 206797 0.964312 0.096907 -0.470742 8.72206
 eta 2 energy 1 bias 4 176000 0.965545 0.110801 -0.588419 2.65677
 eta 2 energy 1 bias 5 175629 0.967704 0.110464 -0.58265 2.74586
 eta 2 energy 1 bias 6 175440 0.96991 0.10937 -0.57212 2.85447
 eta 2 energy 1 bias 7 175158 0.972057 0.108698 -0.564711 2.94277
 eta 2 energy 1 bias 8 174858 0.974337 0.108094 -0.560275 2.94233
 eta 2 energy 1 bias 9 174579 0.976528 0.107578 -0.556108 2.95266
 eta 2 energy 1 bias 10 174178 0.97854 0.107706 -0.55299 3.06107
 eta 2 energy 1 bias 11 173696 0.980657 0.108223 -0.554438 3.07566
 eta 2 energy 1 bias 12 173348 0.982856 0.10809 -0.552115 3.10523
 eta 2 energy 1 bias 13 172989 0.984844 0.108103 -0.548511 3.21423
 eta 2 energy 1 bias 14 172739 0.98692 0.107731 -0.543158 3.33677
 eta 2 energy 1 bias 15 172421 0.988847 0.10767 -0.538249 3.5249
 eta 2 energy 2 bias 0 213461 0.969152 0.109476 -0.459849 4.70964
 eta 2 energy 2 bias 1 212817 0.971931 0.109588 -0.458417 4.77036
 eta 2 energy 2 bias 2 212140 0.974709 0.11005 -0.459106 4.80801
 eta 2 energy 2 bias 3 204581 0.9 0.253078 0.000204851 5.90048
 eta 2 energy 2 bias 4 204061 0.9 0.255351 0.000298678 3.2258
 eta 2 energy 2 bias 5 210615 0.982889 0.108928 -0.445142 5.65536
 eta 2 energy 2 bias 6 210170 0.985554 0.108278 -0.438579 6.13735
 eta 2 energy 2 bias 7 209563 0.988305 0.108534 -0.437644 6.37208
 eta 2 energy 2 bias 8 209097 0.990935 0.107985 -0.430937 7.14702
 eta 2 energy 2 bias 9 208683 0.993517 0.107554 -0.425835 7.84932
 eta 2 energy 2 bias 10 208230 0.995894 0.107245 -0.418895 9.91433
 eta 2 energy 2 bias 11 207489 0.998729 0.108186 -0.421932 10
 eta 2 energy 2 bias 12 206979 1.00152 0.108291 -0.421541 10
 eta 2 energy 2 bias 13 206345 1.00433 0.108846 -0.423108 10
 eta 2 energy 2 bias 14 205763 1.00706 0.109211 -0.423441 10
 eta 2 energy 2 bias 15 205083 1.00988 0.109921 -0.425444 10
 eta 2 energy 3 bias 0 168779 0.979306 0.125786 -0.397314 10
 eta 2 energy 3 bias 1 168463 0.982687 0.12411 -0.390098 10
 eta 2 energy 3 bias 2 168085 0.986256 0.122731 -0.384413 10
 eta 2 energy 3 bias 3 157752 0.946534 0.259791 0.337403 1.00014
 eta 2 energy 3 bias 4 167279 0.993059 0.120726 -0.375431 10
 eta 2 energy 3 bias 5 166801 0.996417 0.120364 -0.372827 10
 eta 2 energy 3 bias 6 166151 0.999861 0.121101 -0.373895 10
 eta 2 energy 3 bias 7 165593 1.00326 0.121369 -0.373252 10
 eta 2 energy 3 bias 8 165168 1.00658 0.120808 -0.370018 10
 eta 2 energy 3 bias 9 164748 1.0099 0.120586 -0.368253 10
 eta 2 energy 3 bias 10 164245 1.01318 0.12056 -0.366358 10
 eta 2 energy 3 bias 11 163786 1.01635 0.120248 -0.363458 10
 eta 2 energy 3 bias 12 163331 1.01945 0.119821 -0.359754 10
 eta 2 energy 3 bias 13 162720 1.0229 0.120375 -0.359974 10
 eta 2 energy 3 bias 14 162147 1.02632 0.120766 -0.359529 10
 eta 2 energy 3 bias 15 161589 1.02989 0.121353 -0.360856 10
 eta 2 energy 4 bias 0 99881 0.989333 0.135862 -0.34045 10
 eta 2 energy 4 bias 1 99543 0.993476 0.135238 -0.337591 10
 eta 2 energy 4 bias 2 99126.5 0.997499 0.135813 -0.33766 10
 eta 2 energy 4 bias 3 98832 1.00121 0.134577 -0.332079 10
 eta 2 energy 4 bias 4 98490.7 1.00506 0.134074 -0.328517 10
 eta 2 energy 4 bias 5 98148.9 1.00887 0.134003 -0.326327 10
 eta 2 energy 4 bias 6 97711.1 1.01294 0.13444 -0.325174 10
 eta 2 energy 4 bias 7 97452.4 1.01651 0.133298 -0.320331 10
 eta 2 energy 4 bias 8 97119.4 1.02053 0.132915 -0.317823 10
 eta 2 energy 4 bias 9 96758.2 1.02448 0.133135 -0.316526 10
 eta 2 energy 4 bias 10 96430 1.02812 0.132609 -0.312801 10
 eta 2 energy 4 bias 11 95957.3 1.0325 0.134027 -0.314874 10
 eta 2 energy 4 bias 12 95656.9 1.03625 0.133502 -0.311666 10
 eta 2 energy 4 bias 13 95339.2 1.04004 0.13299 -0.30796 10
 eta 2 energy 4 bias 14 95005.5 1.04377 0.132914 -0.305753 10
 eta 2 energy 4 bias 15 94583.3 1.04817 0.134043 -0.30714 10
 eta 2 energy 5 bias 0 50113.5 0.900002 0.0264542 -0.0465268 1
 eta 2 energy 5 bias 1 44020.4 0.975452 0.298901 -4.44322 1.00346
 eta 2 energy 5 bias 2 48279.6 0.900822 0.023373 -0.0300539 10
 eta 2 energy 5 bias 3 45884.9 1.00843 0.150543 -0.305691 10
 eta 2 energy 5 bias 4 48129.5 0.941543 0.0280194 -0.0408771 10
 eta 2 energy 5 bias 5 45525 1.01711 0.14898 -0.296679 10
 eta 2 energy 5 bias 6 41892.4 1.01492 0.292458 0.000111318 1.82443
 eta 2 energy 5 bias 7 45228.5 1.02554 0.145205 -0.283926 10
 eta 2 energy 5 bias 8 42516.9 1.05062 0.242502 6.36179 5.42119
 eta 2 energy 5 bias 9 44887.3 1.03371 0.143297 -0.275037 10
 eta 2 energy 5 bias 10 44676.4 1.03846 0.14421 -0.276049 10
 eta 2 energy 5 bias 11 44472.4 1.04351 0.14531 -0.277798 10
 eta 2 energy 5 bias 12 44299.3 1.04775 0.144581 -0.273393 10
 eta 2 energy 5 bias 13 44118.7 1.05204 0.144142 -0.269744 10
 eta 2 energy 5 bias 14 43931.1 1.05668 0.144097 -0.26806 10
 eta 2 energy 5 bias 15 43759 1.06141 0.144633 -0.269915 10
 eta 2 energy 6 bias 0 17858.3 1.0006 0.180664 -0.347683 10
 eta 2 energy 6 bias 1 17808.5 1.00553 0.176167 -0.335435 10
 eta 2 energy 6 bias 2 17721.8 1.01058 0.177072 -0.33674 10
 eta 2 energy 6 bias 3 17615.4 1.01585 0.178822 -0.336559 10
 eta 2 energy 6 bias 4 16825.4 1.02343 0.276481 -7.25519 8.69626
 eta 2 energy 6 bias 5 16742.4 1.03292 0.270854 -2.2899 6.75455
 eta 2 energy 6 bias 6 16671.6 1.04318 0.263246 -1.85644 6.76545
 eta 2 energy 6 bias 7 17334.9 1.03623 0.169884 -0.303978 10
 eta 2 energy 6 bias 8 16575.9 1.05989 0.249933 -6.62367 1.8136
 eta 2 energy 6 bias 9 16538.6 1.06828 0.243223 -6.02062 2.79107
 eta 2 energy 6 bias 10 17133.1 1.04911 0.161862 -0.270663 10
 eta 2 energy 6 bias 11 16451 1.08243 0.234171 -1.87241 1.06796
 eta 2 energy 6 bias 12 16990.9 1.05815 0.158717 -0.257148 10
 eta 2 energy 6 bias 13 14626.5 0.904466 0.0574356 -0.00576266 10
 eta 2 energy 6 bias 14 16816.3 1.06833 0.158605 -0.24748 10
 eta 2 energy 6 bias 15 16343.3 1.10613 0.215815 0.853418 4.74422
 eta 2 energy 7 bias 0 6041.21 0.995797 0.156318 -0.287715 10
 eta 2 energy 7 bias 1 5992.74 1.00132 0.16252 -0.296841 10
 eta 2 energy 7 bias 2 5979.19 1.0047 0.155826 -0.278462 10
 eta 2 energy 7 bias 3 5646.06 1.01023 0.290577 -1.3922 5.35237
 eta 2 energy 7 bias 4 5621.28 1.02007 0.282723 -1.9795 8.04231
 eta 2 energy 7 bias 5 5592.05 1.03186 0.2741 -6.02146 7.84476
 eta 2 energy 7 bias 6 5566.66 1.04291 0.26593 -6.01041 7.74062
 eta 2 energy 7 bias 7 5805.34 1.03364 0.162765 -0.278975 10
 eta 2 energy 7 bias 8 5539.21 1.06328 0.247253 -1.28431 1.31872
 eta 2 energy 7 bias 9 5527.29 1.06998 0.241511 -6.20234 7.00173
 eta 2 energy 7 bias 10 5720.56 1.05152 0.162338 -0.276779 10
 eta 2 energy 7 bias 11 5692.54 1.05635 0.160764 -0.268185 10
 eta 2 energy 7 bias 12 5489.95 1.09105 0.226006 -0.986338 5.17966
 eta 2 energy 7 bias 13 5620.68 1.06799 0.165305 -0.268474 10
 eta 2 energy 7 bias 14 5459.4 1.10239 0.220725 -1.62982 2.9109
 eta 2 energy 7 bias 15 5446.76 1.10704 0.217979 -1.13862 3.8971
 eta 2 energy 8 bias 0 1734.92 0.904776 0.372945 1.54228e-06 1.63812
 eta 2 energy 8 bias 1 1706.1 0.934388 0.348579 -9.93874 1.27213
 eta 2 energy 8 bias 2 1678.48 0.962692 0.325731 -1.40227 4.02562
 eta 2 energy 8 bias 3 1661.54 0.981102 0.311204 -6.172 8.71953
 eta 2 energy 8 bias 4 1644.75 0.998474 0.298095 -5.94821 7.18544
 eta 2 energy 8 bias 5 1633.99 1.01372 0.285021 -6.09328 8.28993
 eta 2 energy 8 bias 6 1628.55 1.02714 0.27047 -6.10697 8.27393
 eta 2 energy 8 bias 7 1619.56 1.0364 0.265024 -6.12389 8.36621
 eta 2 energy 8 bias 8 1613.02 1.04131 0.264193 -6.12067 8.36503
 eta 2 energy 8 bias 9 1605.66 1.04967 0.261199 -6.10467 8.29855
 eta 2 energy 8 bias 10 1600.73 1.06204 0.250891 -6.08266 8.17251
 eta 2 energy 8 bias 11 1594.28 1.06706 0.248994 -6.09357 8.21837
 eta 2 energy 8 bias 12 1586.36 1.07435 0.247905 -1.50933 6.08599
 eta 2 energy 8 bias 13 1578.1 1.08355 0.245507 -1.55014 6.42968
 eta 2 energy 8 bias 14 1574.12 1.08982 0.242402 -6.55 1.77275
 eta 2 energy 8 bias 15 1570.5 1.09663 0.239588 -5.81202 1.65781
 eta 2 energy 9 bias 0 668.571 0.934922 0.0258405 -0.0518434 10
 eta 2 energy 9 bias 1 540.439 0.977471 0.349389 -0.912729 2.74947
 eta 2 energy 9 bias 2 604.786 0.909373 0.332298 -9.38136 2.35452
 eta 2 energy 9 bias 3 596.719 0.9237 0.327086 -4.90187 1.94133
 eta 2 energy 9 bias 4 650.666 0.926933 0.0114518 -0.0189507 9.99999
 eta 2 energy 9 bias 5 589.247 0.937315 0.325994 -5.52528 6.95419
 eta 2 energy 9 bias 6 653.39 0.905404 0.010634 -0.0159593 10
 eta 2 energy 9 bias 7 577.412 0.968695 0.305709 -2.78809 2.44495
 eta 2 energy 9 bias 8 582.484 1.00376 0.22055 -0.499735 10
 eta 2 energy 9 bias 9 569.306 0.996297 0.283982 0.274781 9.35323
 eta 2 energy 9 bias 10 559.485 1.00753 0.285365 5.60352e-05 9.86739
 eta 2 energy 9 bias 11 610.859 0.900021 0.106139 -0.119754 10
 eta 2 energy 9 bias 12 558.379 1.02085 0.278468 -8.32327 7.64732
 eta 2 energy 9 bias 13 552.752 1.03111 0.279019 2.71499 1.63904
 eta 2 energy 9 bias 14 551.666 1.03211 0.283403 3.60548 4.5493
 eta 2 energy 9 bias 15 561.02 1.04367 0.22852 -0.513524 1
