 eta 0 energy 0 bias 0 660966 0.989419 0.0474078 -0.973405 2.55337
 eta 0 energy 0 bias 1 660036 0.990628 0.0474487 -0.96866 2.58564
 eta 0 energy 0 bias 2 659037 0.991867 0.047517 -0.966262 2.60489
 eta 0 energy 0 bias 3 657564 0.993127 0.047652 -0.965298 2.62154
 eta 0 energy 0 bias 4 655982 0.994421 0.0478284 -0.967281 2.62008
 eta 0 energy 0 bias 5 654226 0.995748 0.0480402 -0.97051 2.61502
 eta 0 energy 0 bias 6 652360 0.997093 0.0482683 -0.974531 2.60533
 eta 0 energy 0 bias 7 650593 0.998445 0.0484976 -0.979059 2.59267
 eta 0 energy 0 bias 8 648779 0.999827 0.0487502 -0.985359 2.5725
 eta 0 energy 0 bias 9 646946 1.00122 0.0490155 -0.992352 2.54795
 eta 0 energy 0 bias 10 645310 1.00259 0.049238 -0.997416 2.5325
 eta 0 energy 0 bias 11 643612 1.00398 0.0494796 -1.00487 2.4993
 eta 0 energy 0 bias 12 641948 1.00535 0.0496982 -1.01043 2.47771
 eta 0 energy 0 bias 13 640528 1.00666 0.0498524 -1.0118 2.47759
 eta 0 energy 0 bias 14 638864 1.00796 0.0500393 -1.01383 2.47511
 eta 0 energy 0 bias 15 637201 1.00926 0.0502072 -1.01377 2.48605
 eta 0 energy 1 bias 0 1.74807e+06 0.992168 0.0479095 -0.842335 2.29657
 eta 0 energy 1 bias 1 1.74408e+06 0.994042 0.0479855 -0.8378 2.32634
 eta 0 energy 1 bias 2 1.73937e+06 0.99591 0.0480974 -0.833577 2.35784
 eta 0 energy 1 bias 3 1.73417e+06 0.997842 0.0482751 -0.832309 2.37742
 eta 0 energy 1 bias 4 1.72861e+06 0.999832 0.0485098 -0.833969 2.38155
 eta 0 energy 1 bias 5 1.72286e+06 1.00188 0.0487816 -0.837329 2.37861
 eta 0 energy 1 bias 6 1.71639e+06 1.00398 0.0491348 -0.84419 2.35704
 eta 0 energy 1 bias 7 1.71021e+06 1.00612 0.0495037 -0.852966 2.32492
 eta 0 energy 1 bias 8 1.70428e+06 1.0083 0.0498968 -0.864457 2.27688
 eta 0 energy 1 bias 9 1.69843e+06 1.01043 0.0502467 -0.873354 2.24203
 eta 0 energy 1 bias 10 1.69303e+06 1.01249 0.0505268 -0.878246 2.22873
 eta 0 energy 1 bias 11 1.68758e+06 1.01451 0.0507752 -0.881119 2.22324
 eta 0 energy 1 bias 12 1.68227e+06 1.01644 0.0509581 -0.879069 2.24502
 eta 0 energy 1 bias 13 1.67655e+06 1.01837 0.0511476 -0.87678 2.26708
 eta 0 energy 1 bias 14 1.67047e+06 1.02034 0.0513774 -0.876133 2.28377
 eta 0 energy 1 bias 15 1.66422e+06 1.02238 0.0516558 -0.878431 2.28589
 eta 0 energy 2 bias 0 2.52919e+06 0.993122 0.0487308 -0.747774 2.19288
 eta 0 energy 2 bias 1 2.52145e+06 0.995576 0.0489076 -0.746237 2.2119
 eta 0 energy 2 bias 2 2.51361e+06 0.997936 0.0490175 -0.740885 2.25153
 eta 0 energy 2 bias 3 2.50379e+06 1.00038 0.0492382 -0.738623 2.28001
 eta 0 energy 2 bias 4 2.49311e+06 1.00293 0.0495622 -0.740169 2.29018
 eta 0 energy 2 bias 5 2.48188e+06 1.0056 0.0499869 -0.745908 2.27864
 eta 0 energy 2 bias 6 2.47049e+06 1.00837 0.0504861 -0.755169 2.25003
 eta 0 energy 2 bias 7 2.45943e+06 1.01123 0.0510329 -0.768302 2.19719
 eta 0 energy 2 bias 8 2.44907e+06 1.01402 0.0515179 -0.779086 2.1561
 eta 0 energy 2 bias 9 2.43919e+06 1.01668 0.0519047 -0.785682 2.13201
 eta 0 energy 2 bias 10 2.42928e+06 1.01923 0.0522041 -0.786395 2.14369
 eta 0 energy 2 bias 11 2.4184e+06 1.02171 0.052473 -0.783478 2.1774
 eta 0 energy 2 bias 12 2.40712e+06 1.02429 0.052806 -0.784129 2.19134
 eta 0 energy 2 bias 13 2.3953e+06 1.02699 0.0532366 -0.789447 2.18045
 eta 0 energy 2 bias 14 1.88657e+06 1.04784 0.0796022 3.56711 9.21364
 eta 0 energy 2 bias 15 2.37248e+06 1.03261 0.0542356 -0.809246 2.10822
 eta 0 energy 3 bias 0 2.43482e+06 0.993365 0.0499694 -0.685837 2.10495
 eta 0 energy 3 bias 1 2.42648e+06 0.996359 0.0502358 -0.687114 2.11024
 eta 0 energy 3 bias 2 2.41657e+06 0.999224 0.0504505 -0.683455 2.1463
 eta 0 energy 3 bias 3 2.40551e+06 1.00215 0.0507353 -0.681791 2.17281
 eta 0 energy 3 bias 4 1.67711e+06 1.02284 0.0994272 1.05399 1.00154
 eta 0 energy 3 bias 5 2.37984e+06 1.00857 0.0518271 -0.696105 2.13851
 eta 0 energy 3 bias 6 2.36757e+06 1.01198 0.0525101 -0.71084 2.0773
 eta 0 energy 3 bias 7 2.35573e+06 1.0153 0.0531334 -0.723191 2.03059
 eta 0 energy 3 bias 8 2.34462e+06 1.01847 0.0536167 -0.729537 2.01586
 eta 0 energy 3 bias 9 2.33355e+06 1.02147 0.0539645 -0.72912 2.0365
 eta 0 energy 3 bias 10 2.32131e+06 1.02447 0.0543364 -0.728192 2.06276
 eta 0 energy 3 bias 11 2.30844e+06 1.02763 0.0548298 -0.732609 2.05982
 eta 0 energy 3 bias 12 2.29497e+06 1.03094 0.0554642 -0.742922 2.02485
 eta 0 energy 3 bias 13 2.28261e+06 1.03436 0.0561367 -0.757549 1.96542
 eta 0 energy 3 bias 14 2.27113e+06 1.03771 0.0567383 -0.770676 1.9086
 eta 0 energy 3 bias 15 2.25999e+06 1.04089 0.0572125 -0.776338 1.89547
 eta 0 energy 4 bias 0 1.79405e+06 0.993127 0.0513905 -0.640599 2.05488
 eta 0 energy 4 bias 1 1.7868e+06 0.996661 0.0518087 -0.645861 2.04012
 eta 0 energy 4 bias 2 1.77888e+06 0.99998 0.0520894 -0.643733 2.07086
 eta 0 energy 4 bias 3 1.76932e+06 1.00333 0.052458 -0.642135 2.10316
 eta 0 energy 4 bias 4 1.75902e+06 1.00693 0.053048 -0.647691 2.09897
 eta 0 energy 4 bias 5 1.74899e+06 1.01068 0.0537733 -0.659138 2.05884
 eta 0 energy 4 bias 6 1.73926e+06 1.01452 0.0545477 -0.673853 1.99728
 eta 0 energy 4 bias 7 1.73004e+06 1.01821 0.0551982 -0.684185 1.96109
 eta 0 energy 4 bias 8 1.27365e+06 1.04504 0.0971674 -3.24568 1.0002
 eta 0 energy 4 bias 9 1.70992e+06 1.02517 0.0562069 -0.688066 1.98671
 eta 0 energy 4 bias 10 1.69918e+06 1.02879 0.0568265 -0.693848 1.97829
 eta 0 energy 4 bias 11 1.68814e+06 1.03264 0.0576255 -0.707389 1.92621
 eta 0 energy 4 bias 12 1.67846e+06 1.03652 0.0583847 -0.72256 1.86275
 eta 0 energy 4 bias 13 1.66919e+06 1.04025 0.0590317 -0.733472 1.81935
 eta 0 energy 4 bias 14 1.65966e+06 1.04381 0.0595691 -0.737228 1.8182
 eta 0 energy 4 bias 15 1.64947e+06 1.04727 0.0600331 -0.734837 1.85479
 eta 0 energy 5 bias 0 1.10762e+06 0.99276 0.0532399 -0.61756 1.96402
 eta 0 energy 5 bias 1 1.10289e+06 0.99664 0.0536728 -0.621652 1.95974
 eta 0 energy 5 bias 2 1.09774e+06 1.00028 0.0539564 -0.61893 1.99137
 eta 0 energy 5 bias 3 1.09143e+06 1.00398 0.0543934 -0.618243 2.01835
 eta 0 energy 5 bias 4 1.08477e+06 1.00797 0.0550778 -0.62546 2.0018
 eta 0 energy 5 bias 5 1.07784e+06 1.01223 0.0559962 -0.640761 1.94126
 eta 0 energy 5 bias 6 1.07134e+06 1.01648 0.0568786 -0.656516 1.87635
 eta 0 energy 5 bias 7 1.06527e+06 1.02047 0.0575317 -0.66461 1.85134
 eta 0 energy 5 bias 8 1.05855e+06 1.02427 0.058049 -0.663918 1.88105
 eta 0 energy 5 bias 9 1.05113e+06 1.02829 0.0587817 -0.670592 1.86923
 eta 0 energy 5 bias 10 1.04392e+06 1.03252 0.0596671 -0.683742 1.82547
 eta 0 energy 5 bias 11 1.03728e+06 1.03677 0.0605365 -0.698448 1.77153
 eta 0 energy 5 bias 12 1.03082e+06 1.0409 0.0612981 -0.709257 1.73461
 eta 0 energy 5 bias 13 1.0243e+06 1.04483 0.0619057 -0.712141 1.74192
 eta 0 energy 5 bias 14 1.0172e+06 1.0488 0.0625684 -0.715999 1.7443
 eta 0 energy 5 bias 15 1.01019e+06 1.05298 0.0633792 -0.727624 1.70101
 eta 0 energy 6 bias 0 615191 0.992155 0.0554209 -0.585964 1.99242
 eta 0 energy 6 bias 1 612283 0.996441 0.055999 -0.592858 1.9704
 eta 0 energy 6 bias 2 609103 1.00042 0.0563685 -0.590507 2.01066
 eta 0 energy 6 bias 3 605383 1.00446 0.0568693 -0.589442 2.05005
 eta 0 energy 6 bias 4 601414 1.00887 0.0576943 -0.598263 2.02695
 eta 0 energy 6 bias 5 597533 1.01358 0.0587904 -0.617626 1.93311
 eta 0 energy 6 bias 6 457409 1.01743 0.0838367 -0.700673 1.56212
 eta 0 energy 6 bias 7 589939 1.02225 0.0603683 -0.634487 1.88562
 eta 0 energy 6 bias 8 585795 1.02641 0.0610278 -0.635942 1.90219
 eta 0 energy 6 bias 9 581509 1.03086 0.0619445 -0.646083 1.87224
 eta 0 energy 6 bias 10 577527 1.03551 0.0629712 -0.663323 1.79327
 eta 0 energy 6 bias 11 573685 1.04008 0.0639426 -0.678696 1.73374
 eta 0 energy 6 bias 12 459343 1.06945 0.0999455 7.73584 9.71877
 eta 0 energy 6 bias 13 565601 1.04854 0.0654024 -0.685709 1.74609
 eta 0 energy 6 bias 14 561276 1.05308 0.0663924 -0.69754 1.71278
 eta 0 energy 6 bias 15 557600 1.05766 0.0673285 -0.713354 1.64722
 eta 0 energy 7 bias 0 324845 0.992718 0.0595308 -0.57968 1.9096
 eta 0 energy 7 bias 1 323282 0.997096 0.0600378 -0.583303 1.90593
 eta 0 energy 7 bias 2 235142 1.00919 0.136857 1.79806 1.00172
 eta 0 energy 7 bias 3 319725 1.00572 0.0610996 -0.587012 1.92657
 eta 0 energy 7 bias 4 317672 1.01051 0.0621437 -0.601574 1.86693
 eta 0 energy 7 bias 5 315772 1.01524 0.0631012 -0.614985 1.81527
 eta 0 energy 7 bias 6 313551 1.0198 0.0640159 -0.623476 1.79138
 eta 0 energy 7 bias 7 311310 1.02424 0.064777 -0.626194 1.80625
 eta 0 energy 7 bias 8 309052 1.0289 0.0657691 -0.636095 1.78623
 eta 0 energy 7 bias 9 306967 1.03374 0.0668584 -0.652261 1.72125
 eta 0 energy 7 bias 10 304942 1.03843 0.0678554 -0.6679 1.64765
 eta 0 energy 7 bias 11 302808 1.04287 0.0686642 -0.673162 1.63767
 eta 0 energy 7 bias 12 300413 1.04741 0.0696155 -0.680453 1.62112
 eta 0 energy 7 bias 13 298058 1.05226 0.0707875 -0.697978 1.54418
 eta 0 energy 7 bias 14 295950 1.05713 0.0719114 -0.717206 1.46589
 eta 0 energy 7 bias 15 293933 1.06171 0.0727677 -0.724981 1.44579
 eta 0 energy 8 bias 0 169399 0.99282 0.0641028 -0.541957 2.08982
 eta 0 energy 8 bias 1 128214 0.994683 0.152971 3.68522 2.5018
 eta 0 energy 8 bias 2 167765 1.00149 0.0648988 -0.540721 2.1542
 eta 0 energy 8 bias 3 166651 1.00606 0.0658286 -0.546251 2.15805
 eta 0 energy 8 bias 4 165546 1.01112 0.0671417 -0.563944 2.05235
 eta 0 energy 8 bias 5 164484 1.01592 0.0681793 -0.573386 2.03459
 eta 0 energy 8 bias 6 163310 1.02068 0.0692358 -0.582281 2.00759
 eta 0 energy 8 bias 7 162156 1.02537 0.070205 -0.588943 1.99923
 eta 0 energy 8 bias 8 161030 1.03008 0.0712097 -0.595077 2.0115
 eta 0 energy 8 bias 9 159929 1.0351 0.0724661 -0.61105 1.93225
 eta 0 energy 8 bias 10 158774 1.03996 0.0736108 -0.622364 1.885
 eta 0 energy 8 bias 11 157558 1.04468 0.0746488 -0.629661 1.85721
 eta 0 energy 8 bias 12 156308 1.04974 0.0759958 -0.647092 1.76072
 eta 0 energy 8 bias 13 155069 1.05487 0.077406 -0.666234 1.66463
 eta 0 energy 8 bias 14 153881 1.05982 0.0786813 -0.682556 1.58706
 eta 0 energy 8 bias 15 152676 1.06423 0.0795975 -0.679109 1.65565
 eta 0 energy 9 bias 0 192562 0.99413 0.0779902 -0.477852 3.64
 eta 0 energy 9 bias 1 191805 0.998651 0.0785066 -0.482416 3.54195
 eta 0 energy 9 bias 2 190806 1.0033 0.0794075 -0.486181 3.64339
 eta 0 energy 9 bias 3 189786 1.0082 0.0806616 -0.498168 3.44768
 eta 0 energy 9 bias 4 188841 1.01315 0.0819437 -0.512912 3.19127
 eta 0 energy 9 bias 5 187734 1.01777 0.083087 -0.520032 3.16542
 eta 0 energy 9 bias 6 186711 1.02229 0.083936 -0.523808 3.20445
 eta 0 energy 9 bias 7 185489 1.02695 0.0852135 -0.530532 3.21678
 eta 0 energy 9 bias 8 184377 1.03208 0.0867297 -0.551016 2.82752
 eta 0 energy 9 bias 9 183129 1.03702 0.0882582 -0.565816 2.6644
 eta 0 energy 9 bias 10 181940 1.04162 0.0893263 -0.570323 2.6965
 eta 0 energy 9 bias 11 180797 1.04634 0.0905785 -0.579736 2.63411
 eta 0 energy 9 bias 12 179618 1.05129 0.0920307 -0.5954 2.46191
 eta 0 energy 9 bias 13 178383 1.05623 0.0936098 -0.614573 2.22621
 eta 0 energy 9 bias 14 177102 1.06092 0.094806 -0.617928 2.28355
 eta 0 energy 9 bias 15 175814 1.06592 0.0963931 -0.63963 1.99678
 eta 1 energy 0 bias 0 46776.6 0.940215 0.0288746 -0.226639 10
 eta 1 energy 0 bias 1 39865.6 0.947548 0.0940446 -1.0154 1.81001
 eta 1 energy 0 bias 2 38011.6 0.9 0.160765 -4.13398 2.46063
 eta 1 energy 0 bias 3 39726.5 0.950617 0.0939062 -1.00936 1.83228
 eta 1 energy 0 bias 4 39678.7 0.952005 0.0938936 -1.00905 1.82697
 eta 1 energy 0 bias 5 52305.8 0.930278 0.0100086 -0.0774858 10
 eta 1 energy 0 bias 6 39601 0.955319 0.0929756 -0.991793 1.89373
 eta 1 energy 0 bias 7 46814 0.91879 0.0206223 -0.136344 10
 eta 1 energy 0 bias 8 52195.3 0.902779 0.0125841 -0.0834243 10
 eta 1 energy 0 bias 9 47737.7 0.940884 0.0252535 -0.188645 10
 eta 1 energy 0 bias 10 51100.8 0.905083 0.0111708 -0.0726809 10
 eta 1 energy 0 bias 11 52318.3 0.930803 0.0100107 -0.0746353 10
 eta 1 energy 0 bias 12 52249.8 0.900319 0.0109432 -0.0700959 10
 eta 1 energy 0 bias 13 51341 0.932954 0.0124649 -0.0914025 10
 eta 1 energy 0 bias 14 39074.7 0.966671 0.0927545 -0.954738 2.1266
 eta 1 energy 0 bias 15 39028.6 0.968223 0.0925778 -0.951511 2.14449
 eta 1 energy 1 bias 0 131790 0.962152 0.100007 -0.707926 2.79137
 eta 1 energy 1 bias 1 131619 0.964433 0.0991038 -0.694934 2.92374
 eta 1 energy 1 bias 2 131533 0.966681 0.0981292 -0.682375 3.05304
 eta 1 energy 1 bias 3 131363 0.96885 0.0976214 -0.674866 3.14311
 eta 1 energy 1 bias 4 131220 0.97086 0.0972389 -0.668757 3.20643
 eta 1 energy 1 bias 5 130857 0.972976 0.0974154 -0.666472 3.29673
 eta 1 energy 1 bias 6 130694 0.974947 0.0970313 -0.658888 3.40507
 eta 1 energy 1 bias 7 130512 0.976984 0.0966126 -0.652077 3.48485
 eta 1 energy 1 bias 8 130321 0.979138 0.0963166 -0.64857 3.49932
 eta 1 energy 1 bias 9 130099 0.981242 0.0962431 -0.647638 3.46905
 eta 1 energy 1 bias 10 129909 0.983341 0.0958917 -0.641234 3.5869
 eta 1 energy 1 bias 11 129453 0.985427 0.096737 -0.646367 3.58713
 eta 1 energy 1 bias 12 129223 0.987682 0.096701 -0.646779 3.53566
 eta 1 energy 1 bias 13 128939 0.989663 0.0969005 -0.644496 3.64348
 eta 1 energy 1 bias 14 128804 0.99168 0.0965653 -0.638209 3.77245
 eta 1 energy 1 bias 15 128660 0.993595 0.0962368 -0.630541 3.95963
 eta 1 energy 2 bias 0 189087 0.973837 0.100949 -0.481869 4.55148
 eta 1 energy 2 bias 1 188621 0.976436 0.10084 -0.47852 4.6885
 eta 1 energy 2 bias 2 188082 0.979046 0.101307 -0.479271 4.74447
 eta 1 energy 2 bias 3 187751 0.981583 0.100735 -0.472603 5.02737
 eta 1 energy 2 bias 4 187325 0.984158 0.100774 -0.470051 5.28431
 eta 1 energy 2 bias 5 186858 0.986747 0.100493 -0.464132 5.73234
 eta 1 energy 2 bias 6 186414 0.989323 0.100286 -0.459304 6.18874
 eta 1 energy 2 bias 7 185957 0.992018 0.100386 -0.457894 6.40772
 eta 1 energy 2 bias 8 185588 0.994537 0.0999133 -0.450899 7.1709
 eta 1 energy 2 bias 9 185219 0.997076 0.0996861 -0.446963 7.64212
 eta 1 energy 2 bias 10 184758 0.999566 0.0998292 -0.443666 8.68127
 eta 1 energy 2 bias 11 184073 1.0024 0.100832 -0.447678 8.78669
 eta 1 energy 2 bias 12 183629 1.00509 0.101051 -0.447821 8.81515
 eta 1 energy 2 bias 13 183060 1.0078 0.101648 -0.449465 8.84307
 eta 1 energy 2 bias 14 182590 1.01036 0.101947 -0.449114 9.00176
 eta 1 energy 2 bias 15 182021 1.01307 0.102474 -0.449915 9.32772
 eta 1 energy 3 bias 0 162042 0.982017 0.113736 -0.394453 10
 eta 1 energy 3 bias 1 161688 0.985133 0.113095 -0.390609 10
 eta 1 energy 3 bias 2 161286 0.988509 0.112616 -0.387953 9.99997
 eta 1 energy 3 bias 3 161062 0.991643 0.111132 -0.381375 10
 eta 1 energy 3 bias 4 159114 1.00022 0.125034 -0.56652 1
 eta 1 energy 3 bias 5 160302 0.99779 0.110036 -0.374391 10
 eta 1 energy 3 bias 6 159626 1.00119 0.11107 -0.376918 10
 eta 1 energy 3 bias 7 159072 1.00451 0.111667 -0.378098 10
 eta 1 energy 3 bias 8 158637 1.00778 0.11163 -0.376987 10
 eta 1 energy 3 bias 9 158186 1.01104 0.111808 -0.376682 10
 eta 1 energy 3 bias 10 157664 1.01434 0.112263 -0.377168 10
 eta 1 energy 3 bias 11 157282 1.01749 0.111944 -0.374801 10
 eta 1 energy 3 bias 12 156847 1.02045 0.111749 -0.371995 10
 eta 1 energy 3 bias 13 156265 1.02366 0.112249 -0.371831 10
 eta 1 energy 3 bias 14 155765 1.02695 0.112579 -0.371793 10
 eta 1 energy 3 bias 15 155121 1.03461 0.118705 -0.501499 1
 eta 1 energy 4 bias 0 104379 0.988322 0.120624 -0.350428 9.67028
 eta 1 energy 4 bias 1 104135 0.99181 0.119387 -0.345021 10
 eta 1 energy 4 bias 2 103763 0.995425 0.119678 -0.344662 10
 eta 1 energy 4 bias 3 107533 0.900035 0.102842 -0.187252 10
 eta 1 energy 4 bias 4 103068 1.00251 0.119189 -0.339435 10
 eta 1 energy 4 bias 5 102697 1.00624 0.119384 -0.338591 10
 eta 1 energy 4 bias 6 102227 1.01016 0.120489 -0.340748 10
 eta 1 energy 4 bias 7 101892 1.01376 0.120475 -0.339343 10
 eta 1 energy 4 bias 8 101664 1.01728 0.119432 -0.335005 10
 eta 1 energy 4 bias 9 101335 1.02089 0.11939 -0.33355 10
 eta 1 energy 4 bias 10 100971 1.02429 0.11931 -0.330948 10
 eta 1 energy 4 bias 11 100517 1.02824 0.120433 -0.333317 10
 eta 1 energy 4 bias 12 100160 1.03186 0.120555 -0.331975 10
 eta 1 energy 4 bias 13 99832.6 1.03559 0.120478 -0.330516 10
 eta 1 energy 4 bias 14 99464.3 1.03929 0.120952 -0.330663 10
 eta 1 energy 4 bias 15 99006.9 1.04354 0.122279 -0.334094 10
 eta 1 energy 5 bias 0 60186.2 0.900287 0.068928 -0.12728 10
 eta 1 energy 5 bias 1 56089.4 0.992899 0.123007 -0.319209 10
 eta 1 energy 5 bias 2 55896.7 0.996688 0.122159 -0.314781 10
 eta 1 energy 5 bias 3 57948.6 0.900325 0.0407572 -0.0653155 10
 eta 1 energy 5 bias 4 55356.4 1.00865 0.130831 -0.417289 1
 eta 1 energy 5 bias 5 56152.8 0.900354 0.0302943 -0.0433731 10
 eta 1 energy 5 bias 6 55012.3 1.0122 0.122405 -0.307964 10
 eta 1 energy 5 bias 7 54817 1.01625 0.122464 -0.307885 10
 eta 1 energy 5 bias 8 54575.7 1.02054 0.123508 -0.310627 10
 eta 1 energy 5 bias 9 54449.6 1.02356 0.121449 -0.301863 10
 eta 1 energy 5 bias 10 54154.2 1.02766 0.122779 -0.303428 10
 eta 1 energy 5 bias 11 53915.6 1.0322 0.123715 -0.305912 10
 eta 1 energy 5 bias 12 53695.9 1.03647 0.124035 -0.305789 10
 eta 1 energy 5 bias 13 53435.4 1.04051 0.124726 -0.304666 10
 eta 1 energy 5 bias 14 53243.3 1.04469 0.124926 -0.305398 10
 eta 1 energy 5 bias 15 53025.8 1.04863 0.125195 -0.304774 10
 eta 1 energy 6 bias 0 31131 0.930354 0.0115985 -0.0262864 10
 eta 1 energy 6 bias 1 30849.4 0.930765 0.0119676 -0.0263182 10
 eta 1 energy 6 bias 2 30671.2 0.929559 0.0101187 -0.0216217 10
 eta 1 energy 6 bias 3 27545 1.0014 0.128298 -0.339236 9.97495
 eta 1 energy 6 bias 4 28616.5 0.900003 0.0232534 -0.0367921 10
 eta 1 energy 6 bias 5 27282.6 1.0105 0.130359 -0.344002 10
 eta 1 energy 6 bias 6 29128.8 0.934316 0.0150874 -0.0276824 10
 eta 1 energy 6 bias 7 27159.8 1.01777 0.125743 -0.326533 10
 eta 1 energy 6 bias 8 27056.4 1.02173 0.12547 -0.324521 10
 eta 1 energy 6 bias 9 26992.4 1.02505 0.123369 -0.315468 10
 eta 1 energy 6 bias 10 26838.8 1.02907 0.124341 -0.314756 10
 eta 1 energy 6 bias 11 24832 1.05789 0.205854 -1.92105 4.04777
 eta 1 energy 6 bias 12 26695.5 0.931491 0.0101417 -0.0131053 10
 eta 1 energy 6 bias 13 26450.4 1.04193 0.126181 -0.312358 10
 eta 1 energy 6 bias 14 24713.2 1.07507 0.195517 0.783168 9.54757
 eta 1 energy 6 bias 15 24965.4 0.931505 0.0100459 -0.00956959 10
 eta 1 energy 7 bias 0 8247.76 1.19054 0.0409519 0.0368008 1.1144
 eta 1 energy 7 bias 1 13555.2 0.994508 0.121414 -0.34001 9.99984
 eta 1 energy 7 bias 2 12508.8 0.976652 0.255678 -6.62843 8.77024
 eta 1 energy 7 bias 3 13426.3 1.00217 0.12495 -0.348925 8.24655
 eta 1 energy 7 bias 4 12364.7 0.996375 0.242918 -6.14997 8.23324
 eta 1 energy 7 bias 5 13341.8 1.0101 0.12464 -0.345817 9.99938
 eta 1 energy 7 bias 6 13369.3 0.904783 0.0100399 -0.0146829 10
 eta 1 energy 7 bias 7 12190.8 1.02569 0.222804 0.475173 9.873
 eta 1 energy 7 bias 8 16611.8 1.00495 0.013786 -0.1563 1.10723
 eta 1 energy 7 bias 9 12121.5 1.04136 0.212319 -5.3467 9.15792
 eta 1 energy 7 bias 10 12096.5 1.04832 0.207195 3.12471 5.50422
 eta 1 energy 7 bias 11 12963.6 1.03504 0.129222 -0.349777 10
 eta 1 energy 7 bias 12 12902 1.03896 0.130104 -0.35019 9.99999
 eta 1 energy 7 bias 13 12835 1.04331 0.131366 -0.350987 10
 eta 1 energy 7 bias 14 12808 1.04624 0.129594 -0.343094 10
 eta 1 energy 7 bias 15 12766.6 1.04979 0.129231 -0.339519 10
 eta 1 energy 8 bias 0 7083.96 0.9 0.0768475 -0.159524 10
 eta 1 energy 8 bias 1 7072.27 0.90002 0.0376513 -0.0757812 10
 eta 1 energy 8 bias 2 6996.63 0.900098 0.0246235 -0.0476454 10
 eta 1 energy 8 bias 3 6871.77 0.900001 0.0398485 -0.0732525 10
 eta 1 energy 8 bias 4 5983.06 0.998859 0.231311 0.769167 7.38192
 eta 1 energy 8 bias 5 6419.29 1.01202 0.131374 -0.39767 10
 eta 1 energy 8 bias 6 5934.04 1.01585 0.220365 6.84937 5.56306
 eta 1 energy 8 bias 7 5919.66 1.02242 0.216062 -2.58123 9.99788
 eta 1 energy 8 bias 8 5907.73 1.02941 0.211312 -6.25287 9.95524
 eta 1 energy 8 bias 9 6240.62 0.904027 0.0154947 -0.0207985 10
 eta 1 energy 8 bias 10 6305.14 1.03069 0.133056 -0.39486 10
 eta 1 energy 8 bias 11 6280.54 1.03478 0.133824 -0.397783 10
 eta 1 energy 8 bias 12 5868.16 1.05376 0.197225 0.668324 5.59939
 eta 1 energy 8 bias 13 6252.87 1.04177 0.132703 -0.400175 3.89704
 eta 1 energy 8 bias 14 6225.94 1.04532 0.132696 -0.387168 10
 eta 1 energy 8 bias 15 6212.59 1.04828 0.131161 -0.377767 10
 eta 1 energy 9 bias 0 5270.79 0.90003 0.288542 -1.07415 1.00866
 eta 1 energy 9 bias 1 5266.81 1.00017 0.144348 -0.496395 6.31586
 eta 1 energy 9 bias 2 4969.42 0.980565 0.234436 -1.80315 1.08641
 eta 1 energy 9 bias 3 4944.71 0.990577 0.228578 -2.65278 9.69353
 eta 1 energy 9 bias 4 4893.93 0.981993 0.243048 3.7562e-05 2.14934
 eta 1 energy 9 bias 5 5420.25 0.915619 0.0135628 -0.024592 10
 eta 1 energy 9 bias 6 5473.36 0.900035 0.0331668 -0.057169 10
 eta 1 energy 9 bias 7 5718.17 0.930427 0.0100239 -0.0209223 10
 eta 1 energy 9 bias 8 5196.95 1.02438 0.137305 -0.446485 10
 eta 1 energy 9 bias 9 4842.36 1.03309 0.204893 -2.17228 7.12063
 eta 1 energy 9 bias 10 5184.13 1.02953 0.132232 -0.412812 10
 eta 1 energy 9 bias 11 4827.26 1.04431 0.198579 -9.94802 4.97909
 eta 1 energy 9 bias 12 4825.01 1.05003 0.194669 -2.43876 8.07702
 eta 1 energy 9 bias 13 5189.09 0.947991 0.028148 -0.0456946 10
 eta 1 energy 9 bias 14 5121.14 1.04429 0.135576 -0.428338 10
 eta 1 energy 9 bias 15 5179.43 0.932219 0.0105605 -0.0154082 10
