 eta 0 energy 0 bias 0 291906 0.99073 0.0405625 -1.05278 2.64889
 eta 0 energy 0 bias 1 291499 0.99192 0.0405801 -1.04657 2.68252
 eta 0 energy 0 bias 2 291095 0.993138 0.0406145 -1.04263 2.70468
 eta 0 energy 0 bias 3 290388 0.994368 0.0407169 -1.04044 2.72369
 eta 0 energy 0 bias 4 289761 0.995608 0.0408052 -1.03832 2.7412
 eta 0 energy 0 bias 5 288948 0.996889 0.0409582 -1.0393 2.74787
 eta 0 energy 0 bias 6 288067 0.998177 0.0411199 -1.04014 2.75629
 eta 0 energy 0 bias 7 287272 0.999494 0.041284 -1.04268 2.75399
 eta 0 energy 0 bias 8 286378 1.00083 0.0414753 -1.04585 2.75305
 eta 0 energy 0 bias 9 285478 1.00219 0.0416905 -1.05178 2.73512
 eta 0 energy 0 bias 10 284609 1.00357 0.0419009 -1.05812 2.7159
 eta 0 energy 0 bias 11 283717 1.00498 0.0421379 -1.06741 2.67749
 eta 0 energy 0 bias 12 282804 1.0064 0.0423904 -1.07908 2.62603
 eta 0 energy 0 bias 13 282022 1.00774 0.0425802 -1.0847 2.60622
 eta 0 energy 0 bias 14 281077 1.00913 0.0428195 -1.09362 2.57345
 eta 0 energy 0 bias 15 280206 1.01048 0.0430264 -1.10053 2.54725
 eta 0 energy 1 bias 0 860905 0.991663 0.040825 -0.912909 2.46122
 eta 0 energy 1 bias 1 858854 0.993641 0.0409537 -0.913552 2.46349
 eta 0 energy 1 bias 2 856789 0.995545 0.0410314 -0.909784 2.48615
 eta 0 energy 1 bias 3 854525 0.997409 0.0410965 -0.903984 2.52197
 eta 0 energy 1 bias 4 851959 0.999283 0.0411941 -0.899176 2.55527
 eta 0 energy 1 bias 5 848890 1.00123 0.0413453 -0.896008 2.58714
 eta 0 energy 1 bias 6 845704 1.0032 0.0415386 -0.895633 2.60336
 eta 0 energy 1 bias 7 842401 1.00525 0.0417793 -0.898717 2.60252
 eta 0 energy 1 bias 8 838966 1.00739 0.0420919 -0.907298 2.57293
 eta 0 energy 1 bias 9 835545 1.0096 0.0424436 -0.919493 2.52411
 eta 0 energy 1 bias 10 832378 1.01179 0.0427757 -0.931087 2.47954
 eta 0 energy 1 bias 11 829343 1.01397 0.0430928 -0.943205 2.42812
 eta 0 energy 1 bias 12 826610 1.01604 0.0433299 -0.949529 2.40567
 eta 0 energy 1 bias 13 824047 1.01803 0.0435035 -0.951113 2.40357
 eta 0 energy 1 bias 14 821424 1.01996 0.0436256 -0.946978 2.43257
 eta 0 energy 1 bias 15 818613 1.02187 0.0437463 -0.941589 2.47208
 eta 0 energy 2 bias 0 1.37367e+06 0.991699 0.0415844 -0.792949 2.3773
 eta 0 energy 2 bias 1 1.36872e+06 0.994422 0.0419068 -0.80131 2.34781
 eta 0 energy 2 bias 2 1.36482e+06 0.996965 0.0420643 -0.80154 2.35304
 eta 0 energy 2 bias 3 1.3605e+06 0.9994 0.042161 -0.796951 2.38221
 eta 0 energy 2 bias 4 1.35507e+06 1.00182 0.0422858 -0.791315 2.42266
 eta 0 energy 2 bias 5 1.34911e+06 1.00431 0.0424709 -0.788008 2.45511
 eta 0 energy 2 bias 6 1.3425e+06 1.00692 0.0427612 -0.789207 2.46858
 eta 0 energy 2 bias 7 1.33592e+06 1.00967 0.0431305 -0.795748 2.45353
 eta 0 energy 2 bias 8 1.32932e+06 1.01255 0.0435994 -0.809084 2.40143
 eta 0 energy 2 bias 9 1.32319e+06 1.01543 0.0440619 -0.823627 2.34096
 eta 0 energy 2 bias 10 1.31778e+06 1.01823 0.044442 -0.83506 2.29409
 eta 0 energy 2 bias 11 1.31246e+06 1.02087 0.0447082 -0.838432 2.28624
 eta 0 energy 2 bias 12 1.30743e+06 1.02338 0.0448638 -0.833993 2.32085
 eta 0 energy 2 bias 13 1.30188e+06 1.02588 0.0450303 -0.830244 2.3498
 eta 0 energy 2 bias 14 1.29574e+06 1.02847 0.0452733 -0.829991 2.36505
 eta 0 energy 2 bias 15 1.28976e+06 1.03113 0.0455454 -0.83134 2.37472
 eta 0 energy 3 bias 0 1.40016e+06 0.991711 0.0429702 -0.715902 2.25629
 eta 0 energy 3 bias 1 1.39488e+06 0.995029 0.0433932 -0.727297 2.21016
 eta 0 energy 3 bias 2 1.38938e+06 0.998136 0.0436804 -0.73076 2.20314
 eta 0 energy 3 bias 3 1.38386e+06 1.00108 0.0438358 -0.726854 2.23245
 eta 0 energy 3 bias 4 1.37669e+06 1.00401 0.044029 -0.721121 2.27752
 eta 0 energy 3 bias 5 1.36917e+06 1.0071 0.0443414 -0.721365 2.29254
 eta 0 energy 3 bias 6 1.3611e+06 1.01039 0.0448123 -0.72829 2.27758
 eta 0 energy 3 bias 7 1.35346e+06 1.01381 0.0453714 -0.740949 2.23197
 eta 0 energy 3 bias 8 1.34655e+06 1.01727 0.0459402 -0.756639 2.16735
 eta 0 energy 3 bias 9 1.34049e+06 1.02057 0.0463552 -0.765958 2.13159
 eta 0 energy 3 bias 10 1.33452e+06 1.02366 0.0466328 -0.766879 2.13898
 eta 0 energy 3 bias 11 1.32802e+06 1.02661 0.0468221 -0.760784 2.18384
 eta 0 energy 3 bias 12 1.32026e+06 1.0297 0.0471424 -0.760324 2.20091
 eta 0 energy 3 bias 13 1.31262e+06 1.03297 0.0475758 -0.766405 2.1872
 eta 0 energy 3 bias 14 1.30579e+06 1.03631 0.0480321 -0.776374 2.14569
 eta 0 energy 3 bias 15 1.29925e+06 1.03974 0.048541 -0.789816 2.0916
 eta 0 energy 4 bias 0 672928 1.00456 0.102368 1.06695 9.80565
 eta 0 energy 4 bias 1 1.03909e+06 0.99533 0.0451574 -0.6696 2.12272
 eta 0 energy 4 bias 2 1.03428e+06 0.998994 0.0455814 -0.676055 2.10497
 eta 0 energy 4 bias 3 1.02931e+06 1.00236 0.0457863 -0.671328 2.14469
 eta 0 energy 4 bias 4 1.02326e+06 1.00575 0.046056 -0.667034 2.18612
 eta 0 energy 4 bias 5 721257 1.03306 0.0841737 -5.35231 9.21971
 eta 0 energy 4 bias 6 1.01075e+06 1.01314 0.0470787 -0.679182 2.16079
 eta 0 energy 4 bias 7 1.00484e+06 1.01707 0.047758 -0.694236 2.10029
 eta 0 energy 4 bias 8 999236 1.02093 0.048372 -0.70761 2.04784
 eta 0 energy 4 bias 9 993787 1.02454 0.0487968 -0.711537 2.04499
 eta 0 energy 4 bias 10 987887 1.02794 0.0490955 -0.707156 2.08621
 eta 0 energy 4 bias 11 981169 1.03158 0.0495631 -0.709623 2.09192
 eta 0 energy 4 bias 12 762637 1.05855 0.0762859 -9.22647 9.51498
 eta 0 energy 4 bias 13 969548 1.03911 0.0505381 -0.72272 2.0516
 eta 0 energy 4 bias 14 964921 1.04317 0.051224 -0.744033 1.9509
 eta 0 energy 4 bias 15 960138 1.04683 0.0516098 -0.747745 1.94313
 eta 0 energy 5 bias 0 398319 1.00087 0.115383 9.58217 1.92893
 eta 0 energy 5 bias 1 399720 1.0108 0.109436 -5.22115 1.38956
 eta 0 energy 5 bias 2 611163 0.999496 0.0476005 -0.644137 1.98083
 eta 0 energy 5 bias 3 407520 1.02578 0.100218 1.5832 2
 eta 0 energy 5 bias 4 603970 1.00694 0.0481797 -0.635149 2.06239
 eta 0 energy 5 bias 5 599844 1.01102 0.0487672 -0.640785 2.05419
 eta 0 energy 5 bias 6 595744 1.01542 0.0495966 -0.656566 1.99413
 eta 0 energy 5 bias 7 592145 1.01985 0.0503789 -0.673877 1.92266
 eta 0 energy 5 bias 8 588711 1.02398 0.0509046 -0.680056 1.9087
 eta 0 energy 5 bias 9 584878 1.02783 0.0512756 -0.676446 1.94515
 eta 0 energy 5 bias 10 580639 1.03187 0.0518229 -0.678815 1.95694
 eta 0 energy 5 bias 11 576686 1.03614 0.0525004 -0.689001 1.92373
 eta 0 energy 5 bias 12 573106 1.04051 0.0532177 -0.703813 1.862
 eta 0 energy 5 bias 13 569823 1.04477 0.0538222 -0.714454 1.82564
 eta 0 energy 5 bias 14 566511 1.04879 0.0542679 -0.716153 1.83568
 eta 0 energy 5 bias 15 562965 1.05266 0.054623 -0.711701 1.878
 eta 0 energy 6 bias 0 304359 0.990361 0.0481357 -0.59145 2.00761
 eta 0 energy 6 bias 1 302644 0.995172 0.048986 -0.608688 1.93555
 eta 0 energy 6 bias 2 300925 0.999571 0.0495291 -0.614302 1.92388
 eta 0 energy 6 bias 3 299320 1.00355 0.0497118 -0.606775 1.97714
 eta 0 energy 6 bias 4 297161 1.00777 0.0501688 -0.604426 2.01975
 eta 0 energy 6 bias 5 294967 1.01243 0.0509996 -0.616126 1.98201
 eta 0 energy 6 bias 6 292944 1.01722 0.0519348 -0.634178 1.90386
 eta 0 energy 6 bias 7 290979 1.02185 0.0527231 -0.646463 1.86002
 eta 0 energy 6 bias 8 289174 1.02614 0.053193 -0.647481 1.87064
 eta 0 energy 6 bias 9 287047 1.03034 0.053651 -0.644057 1.91044
 eta 0 energy 6 bias 10 284956 1.03497 0.0543986 -0.655213 1.86107
 eta 0 energy 6 bias 11 283069 1.03981 0.0552801 -0.674122 1.78024
 eta 0 energy 6 bias 12 281316 1.04447 0.056024 -0.688802 1.71588
 eta 0 energy 6 bias 13 279531 1.04872 0.0564892 -0.686465 1.75439
 eta 0 energy 6 bias 14 277584 1.05293 0.0569272 -0.681415 1.80738
 eta 0 energy 6 bias 15 275744 1.05739 0.0575035 -0.685634 1.80664
 eta 0 energy 7 bias 0 129079 0.989934 0.0503404 -0.579749 1.92104
 eta 0 energy 7 bias 1 128227 0.995003 0.0513096 -0.596024 1.86066
 eta 0 energy 7 bias 2 127613 0.999542 0.0517086 -0.598741 1.85307
 eta 0 energy 7 bias 3 126888 1.00392 0.0520201 -0.597243 1.86522
 eta 0 energy 7 bias 4 125931 1.00854 0.0526427 -0.599839 1.87041
 eta 0 energy 7 bias 5 125070 1.01352 0.0534678 -0.611687 1.82906
 eta 0 energy 7 bias 6 124201 1.01863 0.0544063 -0.62741 1.76752
 eta 0 energy 7 bias 7 123342 1.02344 0.0550966 -0.632183 1.77106
 eta 0 energy 7 bias 8 122474 1.02805 0.0556158 -0.631214 1.80285
 eta 0 energy 7 bias 9 121611 1.03278 0.0562358 -0.633412 1.8213
 eta 0 energy 7 bias 10 120744 1.03777 0.0571249 -0.647956 1.76338
 eta 0 energy 7 bias 11 120278 1.04426 0.0589237 -0.80637 1
 eta 0 energy 7 bias 12 119088 1.04749 0.0586499 -0.668441 1.68412
 eta 0 energy 7 bias 13 118210 1.05205 0.0591788 -0.664867 1.7286
 eta 0 energy 7 bias 14 117409 1.05693 0.0599115 -0.676548 1.67799
 eta 0 energy 7 bias 15 116740 1.0618 0.0605722 -0.689574 1.61043
 eta 0 energy 8 bias 0 48521.8 0.989318 0.0525436 -0.573011 1.84938
 eta 0 energy 8 bias 1 48321.7 0.994498 0.053174 -0.588003 1.76527
 eta 0 energy 8 bias 2 48062 0.999223 0.0535941 -0.586541 1.79747
 eta 0 energy 8 bias 3 47777.3 1.00355 0.0537783 -0.574958 1.8904
 eta 0 energy 8 bias 4 47391.6 1.00846 0.0545395 -0.577373 1.91758
 eta 0 energy 8 bias 5 47017.5 1.01368 0.0554909 -0.588071 1.88781
 eta 0 energy 8 bias 6 46672.5 1.01941 0.0567199 -0.613745 1.75529
 eta 0 energy 8 bias 7 46366.7 1.02431 0.057265 -0.61385 1.77794
 eta 0 energy 8 bias 8 45978.5 1.02898 0.0578313 -0.60471 1.88629
 eta 0 energy 8 bias 9 45686.4 1.03407 0.0585251 -0.611816 1.87364
 eta 0 energy 8 bias 10 45381.9 1.03929 0.0593512 -0.622562 1.83425
 eta 0 energy 8 bias 11 45031.4 1.04475 0.060457 -0.644673 1.71106
 eta 0 energy 8 bias 12 44702.6 1.04978 0.0611509 -0.648177 1.71323
 eta 0 energy 8 bias 13 44355.7 1.05481 0.061826 -0.648509 1.74497
 eta 0 energy 8 bias 14 44029.3 1.06018 0.0627167 -0.661859 1.67769
 eta 0 energy 8 bias 15 43764.7 1.06535 0.0634278 -0.67458 1.60578
 eta 0 energy 9 bias 0 24014.1 0.986675 0.0559773 -0.558697 1.98271
 eta 0 energy 9 bias 1 23804.1 0.992522 0.0574404 -0.578899 1.90672
 eta 0 energy 9 bias 2 23683.7 0.997327 0.0576581 -0.572071 1.96832
 eta 0 energy 9 bias 3 23517.3 1.00245 0.0582354 -0.572224 1.99318
 eta 0 energy 9 bias 4 23356 1.00764 0.0589286 -0.574559 2.01132
 eta 0 energy 9 bias 5 23225 1.01318 0.0597673 -0.589007 1.91962
 eta 0 energy 9 bias 6 23053.2 1.01863 0.0608288 -0.600548 1.88945
 eta 0 energy 9 bias 7 22883.8 1.02366 0.0615366 -0.605042 1.86563
 eta 0 energy 9 bias 8 22710.8 1.02853 0.0620928 -0.599812 1.93464
 eta 0 energy 9 bias 9 22520.3 1.03441 0.0634857 -0.624534 1.80207
 eta 0 energy 9 bias 10 22388.5 1.03999 0.0644006 -0.641345 1.71561
 eta 0 energy 9 bias 11 22247.9 1.04528 0.06516 -0.649727 1.68479
 eta 0 energy 9 bias 12 22073.4 1.05007 0.0657361 -0.642324 1.75566
 eta 0 energy 9 bias 13 21888.1 1.05551 0.0668061 -0.655607 1.69104
 eta 0 energy 9 bias 14 21735.9 1.06096 0.067685 -0.667782 1.64082
 eta 0 energy 9 bias 15 21594.2 1.06667 0.0686514 -0.690067 1.51562
 eta 1 energy 0 bias 0 34714.8 0.985062 0.0449823 -1.05759 2.9135
 eta 1 energy 0 bias 1 34715.9 0.986269 0.0449107 -1.04709 2.9755
 eta 1 energy 0 bias 2 34686.7 0.987427 0.0448766 -1.03491 3.06265
 eta 1 energy 0 bias 3 34611.4 0.988669 0.0449598 -1.03001 3.10777
 eta 1 energy 0 bias 4 34546.9 0.989885 0.0450119 -1.02405 3.15625
 eta 1 energy 0 bias 5 34488.3 0.991147 0.0450669 -1.01925 3.20207
 eta 1 energy 0 bias 6 34403.3 0.992491 0.0452182 -1.01983 3.21628
 eta 1 energy 0 bias 7 34319.8 0.99372 0.0453267 -1.01529 3.26506
 eta 1 energy 0 bias 8 34248.5 0.994995 0.0454209 -1.01143 3.31754
 eta 1 energy 0 bias 9 34122.1 0.996355 0.0456836 -1.01607 3.3016
 eta 1 energy 0 bias 10 34046.4 0.997701 0.0458378 -1.01898 3.29264
 eta 1 energy 0 bias 11 33947.1 0.999081 0.0460778 -1.02556 3.27086
 eta 1 energy 0 bias 12 33822.9 1.00059 0.0463688 -1.03499 3.23105
 eta 1 energy 0 bias 13 33750.2 1.00196 0.0465533 -1.04154 3.18943
 eta 1 energy 0 bias 14 33626.8 1.0035 0.0469206 -1.05878 3.09383
 eta 1 energy 0 bias 15 33492 1.00503 0.0472719 -1.07323 3.01856
 eta 1 energy 1 bias 0 111956 0.987385 0.045469 -0.946892 2.54179
 eta 1 energy 1 bias 1 111711 0.989357 0.0455563 -0.945079 2.55262
 eta 1 energy 1 bias 2 111430 0.991225 0.0456193 -0.938444 2.59345
 eta 1 energy 1 bias 3 111191 0.993117 0.0456784 -0.932864 2.63112
 eta 1 energy 1 bias 4 110953 0.995071 0.0457491 -0.929712 2.65319
 eta 1 energy 1 bias 5 110561 0.997098 0.0459783 -0.930377 2.66995
 eta 1 energy 1 bias 6 110226 0.999149 0.0462029 -0.935341 2.64777
 eta 1 energy 1 bias 7 109937 1.00114 0.046368 -0.935901 2.65254
 eta 1 energy 1 bias 8 109501 1.00338 0.0467603 -0.949679 2.59292
 eta 1 energy 1 bias 9 109140 1.00552 0.0470362 -0.95653 2.5689
 eta 1 energy 1 bias 10 108718 1.00765 0.047353 -0.96327 2.55202
 eta 1 energy 1 bias 11 108373 1.00979 0.0476432 -0.973625 2.50209
 eta 1 energy 1 bias 12 108075 1.01182 0.0478419 -0.977436 2.48869
 eta 1 energy 1 bias 13 107767 1.01377 0.0479956 -0.975554 2.50705
 eta 1 energy 1 bias 14 107459 1.01564 0.0481024 -0.969569 2.54751
 eta 1 energy 1 bias 15 107103 1.01759 0.0482635 -0.967225 2.57097
 eta 1 energy 2 bias 0 220414 0.988673 0.0460884 -0.853573 2.44179
 eta 1 energy 2 bias 1 219805 0.991207 0.0462273 -0.851911 2.46013
 eta 1 energy 2 bias 2 219377 0.993663 0.0462784 -0.848493 2.4788
 eta 1 energy 2 bias 3 218735 0.996065 0.0463519 -0.84078 2.53676
 eta 1 energy 2 bias 4 217869 0.998531 0.0465327 -0.837103 2.57001
 eta 1 energy 2 bias 5 217067 1.00106 0.0467261 -0.83446 2.60613
 eta 1 energy 2 bias 6 216224 1.0037 0.0470036 -0.836711 2.61547
 eta 1 energy 2 bias 7 215351 1.00645 0.0473505 -0.844115 2.58718
 eta 1 energy 2 bias 8 214425 1.00924 0.0477759 -0.855453 2.53969
 eta 1 energy 2 bias 9 213589 1.01202 0.0481689 -0.86662 2.49305
 eta 1 energy 2 bias 10 212807 1.01471 0.0484783 -0.871954 2.48314
 eta 1 energy 2 bias 11 211895 1.01731 0.0487708 -0.874036 2.48774
 eta 1 energy 2 bias 12 211176 1.0198 0.0489097 -0.869294 2.5268
 eta 1 energy 2 bias 13 210318 1.02232 0.0491081 -0.865613 2.56765
 eta 1 energy 2 bias 14 209439 1.02491 0.0493521 -0.864721 2.59109
 eta 1 energy 2 bias 15 208450 1.02764 0.0497301 -0.871628 2.56685
 eta 1 energy 3 bias 0 296433 0.989708 0.0477476 -0.799476 2.2676
 eta 1 energy 3 bias 1 295613 0.992734 0.0478601 -0.796831 2.288
 eta 1 energy 3 bias 2 294753 0.99568 0.0479311 -0.791552 2.31959
 eta 1 energy 3 bias 3 293829 0.998575 0.0479818 -0.783314 2.37526
 eta 1 energy 3 bias 4 292698 1.00159 0.0481365 -0.778687 2.41724
 eta 1 energy 3 bias 5 291447 1.00467 0.0484155 -0.777396 2.45603
 eta 1 energy 3 bias 6 290148 1.00795 0.0488314 -0.785554 2.42728
 eta 1 energy 3 bias 7 288614 1.01126 0.0493682 -0.796597 2.38749
 eta 1 energy 3 bias 8 287526 1.01461 0.0498012 -0.810062 2.32122
 eta 1 energy 3 bias 9 286292 1.01775 0.0501179 -0.812596 2.32363
 eta 1 energy 3 bias 10 285082 1.02074 0.0503355 -0.809112 2.35848
 eta 1 energy 3 bias 11 283853 1.02372 0.0505413 -0.80483 2.40419
 eta 1 energy 3 bias 12 282521 1.02676 0.0508179 -0.802544 2.44257
 eta 1 energy 3 bias 13 281151 1.03 0.0512242 -0.808096 2.43397
 eta 1 energy 3 bias 14 279700 1.03339 0.0517411 -0.82022 2.38155
 eta 1 energy 3 bias 15 278363 1.03676 0.0522388 -0.834489 2.30288
 eta 1 energy 4 bias 0 308899 0.990726 0.0494415 -0.75214 2.19654
 eta 1 energy 4 bias 1 213420 1.0012 0.0997996 -9.37116 4.29718
 eta 1 energy 4 bias 2 216208 1.00778 0.0966508 -4.80387 4.42196
 eta 1 energy 4 bias 3 217868 1.01466 0.091801 9.97111 9.96578
 eta 1 energy 4 bias 4 304806 1.00411 0.0498089 -0.731401 2.33896
 eta 1 energy 4 bias 5 303278 1.00774 0.050239 -0.736002 2.33425
 eta 1 energy 4 bias 6 301837 1.01145 0.0507173 -0.744418 2.30484
 eta 1 energy 4 bias 7 300485 1.01521 0.051209 -0.755213 2.2615
 eta 1 energy 4 bias 8 299116 1.01885 0.0516294 -0.762386 2.23336
 eta 1 energy 4 bias 9 232086 1.04141 0.0794865 2.22317 7.34932
 eta 1 energy 4 bias 10 296220 1.02571 0.052169 -0.756884 2.3031
 eta 1 energy 4 bias 11 294489 1.02931 0.0526001 -0.757952 2.32892
 eta 1 energy 4 bias 12 235787 1.05237 0.0771386 1.69154 3.69717
 eta 1 energy 4 bias 13 236743 1.05591 0.0765738 -4.13013 1.62519
 eta 1 energy 4 bias 14 290006 1.04061 0.0541824 -0.791479 2.17587
 eta 1 energy 4 bias 15 288632 1.04415 0.054518 -0.79171 2.193
 eta 1 energy 5 bias 0 266344 0.991481 0.0512322 -0.72798 2.02005
 eta 1 energy 5 bias 1 265488 0.995162 0.0512927 -0.72166 2.05965
 eta 1 energy 5 bias 2 264553 0.998677 0.0512684 -0.711522 2.11078
 eta 1 energy 5 bias 3 263512 1.0023 0.0513723 -0.703941 2.16541
 eta 1 energy 5 bias 4 262209 1.00626 0.0517765 -0.70727 2.16549
 eta 1 energy 5 bias 5 260672 1.01045 0.0524513 -0.720853 2.10985
 eta 1 energy 5 bias 6 259530 1.01463 0.0529673 -0.731917 2.06706
 eta 1 energy 5 bias 7 258362 1.01865 0.0534045 -0.739258 2.04098
 eta 1 energy 5 bias 8 257149 1.02237 0.0536154 -0.732978 2.09186
 eta 1 energy 5 bias 9 255793 1.02611 0.053869 -0.727151 2.14487
 eta 1 energy 5 bias 10 254272 1.03009 0.0543397 -0.728774 2.16405
 eta 1 energy 5 bias 11 252861 1.03422 0.0548926 -0.736237 2.1494
 eta 1 energy 5 bias 12 251483 1.03851 0.0555532 -0.751655 2.07597
 eta 1 energy 5 bias 13 250204 1.04266 0.0560974 -0.763647 2.01691
 eta 1 energy 5 bias 14 248891 1.04651 0.0564305 -0.760563 2.0564
 eta 1 energy 5 bias 15 247518 1.05031 0.0567317 -0.754785 2.11632
 eta 1 energy 6 bias 0 197783 0.991779 0.0527413 -0.687849 2.01941
 eta 1 energy 6 bias 1 196994 0.995883 0.0529148 -0.685013 2.04185
 eta 1 energy 6 bias 2 196203 0.99975 0.0529339 -0.674195 2.11134
 eta 1 energy 6 bias 3 195337 1.00377 0.0530766 -0.667677 2.16701
 eta 1 energy 6 bias 4 194248 1.00811 0.053562 -0.672115 2.15758
 eta 1 energy 6 bias 5 193250 1.01271 0.0542586 -0.688516 2.07049
 eta 1 energy 6 bias 6 192351 1.01702 0.0547215 -0.694726 2.05104
 eta 1 energy 6 bias 7 191399 1.0212 0.0551022 -0.695726 2.06556
 eta 1 energy 6 bias 8 190327 1.02523 0.0553959 -0.691097 2.10559
 eta 1 energy 6 bias 9 189219 1.02942 0.05583 -0.69186 2.1239
 eta 1 energy 6 bias 10 188110 1.03374 0.0563607 -0.695184 2.13521
 eta 1 energy 6 bias 11 187061 1.03835 0.0570808 -0.710343 2.06533
 eta 1 energy 6 bias 12 186091 1.04274 0.0576449 -0.720691 2.01362
 eta 1 energy 6 bias 13 185016 1.04698 0.0581113 -0.72307 2.01713
 eta 1 energy 6 bias 14 183827 1.05117 0.0585307 -0.718254 2.08706
 eta 1 energy 6 bias 15 182797 1.05552 0.0590148 -0.721369 2.09479
 eta 1 energy 7 bias 0 130130 0.992807 0.0548468 -0.68489 1.89098
 eta 1 energy 7 bias 1 129749 0.997064 0.0547732 -0.677848 1.92058
 eta 1 energy 7 bias 2 129088 1.00136 0.0549817 -0.670981 1.97389
 eta 1 energy 7 bias 3 128504 1.00578 0.0552481 -0.668917 2.00195
 eta 1 energy 7 bias 4 127854 1.01037 0.0557585 -0.674192 1.99433
 eta 1 energy 7 bias 5 127222 1.01506 0.0563639 -0.685073 1.95087
 eta 1 energy 7 bias 6 126504 1.0196 0.0568697 -0.68886 1.94907
 eta 1 energy 7 bias 7 125801 1.02395 0.0571913 -0.685093 1.99004
 eta 1 energy 7 bias 8 125022 1.02843 0.0576979 -0.685782 2.01807
 eta 1 energy 7 bias 9 124284 1.03309 0.0583083 -0.692794 1.99853
 eta 1 energy 7 bias 10 123667 1.03777 0.0588579 -0.703337 1.94027
 eta 1 energy 7 bias 11 123068 1.04246 0.0593855 -0.713261 1.88884
 eta 1 energy 7 bias 12 122313 1.04686 0.0598152 -0.709618 1.93441
 eta 1 energy 7 bias 13 121472 1.05148 0.0604033 -0.713337 1.92962
 eta 1 energy 7 bias 14 120753 1.05612 0.0609664 -0.717851 1.93239
 eta 1 energy 7 bias 15 120064 1.06096 0.0616383 -0.728509 1.90277
 eta 1 energy 8 bias 0 76660.3 0.993141 0.0567109 -0.657781 1.90385
 eta 1 energy 8 bias 1 76407.3 0.997598 0.0566872 -0.652307 1.92672
 eta 1 energy 8 bias 2 76090.7 1.00186 0.0566792 -0.641223 1.99964
 eta 1 energy 8 bias 3 75654.4 1.0066 0.0572653 -0.648595 1.96131
 eta 1 energy 8 bias 4 75223 1.01146 0.0579206 -0.656491 1.93916
 eta 1 energy 8 bias 5 74832.1 1.01641 0.0585315 -0.665756 1.90673
 eta 1 energy 8 bias 6 74438.8 1.02103 0.05891 -0.666294 1.91231
 eta 1 energy 8 bias 7 74049.1 1.02549 0.0591524 -0.661186 1.95031
 eta 1 energy 8 bias 8 73624.9 1.02993 0.0594735 -0.654111 2.02984
 eta 1 energy 8 bias 9 33214.8 0.900024 0.0414551 -0.0517113 10
 eta 1 energy 8 bias 10 72765.7 1.04002 0.0609984 -0.683741 1.86866
 eta 1 energy 8 bias 11 72352.5 1.0448 0.0615079 -0.686861 1.86092
 eta 1 energy 8 bias 12 71889 1.04947 0.0620087 -0.685753 1.89029
 eta 1 energy 8 bias 13 71440 1.05426 0.0625724 -0.689982 1.87419
 eta 1 energy 8 bias 14 70997.7 1.05921 0.0632698 -0.69806 1.855
 eta 1 energy 8 bias 15 70619.8 1.06411 0.0639057 -0.710962 1.78572
 eta 1 energy 9 bias 0 78729.4 0.992685 0.060015 -0.643322 1.83777
 eta 1 energy 9 bias 1 78426.3 0.997312 0.0600191 -0.637259 1.86435
 eta 1 energy 9 bias 2 56883.4 1.00899 0.130528 0.667532 1.08264
 eta 1 energy 9 bias 3 77613.4 1.00704 0.0608339 -0.63715 1.89958
 eta 1 energy 9 bias 4 77231 1.01227 0.0615032 -0.649475 1.8347
 eta 1 energy 9 bias 5 76737.8 1.01723 0.0621391 -0.6526 1.8386
 eta 1 energy 9 bias 6 76409.8 1.02188 0.062316 -0.648221 1.87033
 eta 1 energy 9 bias 7 75859.6 1.02673 0.0628694 -0.643821 1.93207
 eta 1 energy 9 bias 8 75416.6 1.0319 0.063558 -0.653077 1.88663
 eta 1 energy 9 bias 9 74950.8 1.03742 0.0645062 -0.672129 1.78669
 eta 1 energy 9 bias 10 74490.7 1.04229 0.0650094 -0.670646 1.81875
 eta 1 energy 9 bias 11 74066.7 1.04702 0.0653855 -0.665155 1.87731
 eta 1 energy 9 bias 12 73594.8 1.0519 0.0658766 -0.662191 1.91776
 eta 1 energy 9 bias 13 73135.7 1.05732 0.0667781 -0.678144 1.84537
 eta 1 energy 9 bias 14 72674.1 1.06259 0.0675604 -0.688885 1.79836
 eta 1 energy 9 bias 15 72208.4 1.06766 0.0682051 -0.695046 1.75939
 eta 2 energy 0 bias 0 325624 0.988512 0.0537032 -0.953463 2.57277
 eta 2 energy 0 bias 1 325291 0.989778 0.053721 -0.949737 2.60027
 eta 2 energy 0 bias 2 324901 0.991063 0.0537675 -0.947762 2.61753
 eta 2 energy 0 bias 3 324382 0.992358 0.0538556 -0.946269 2.63517
 eta 2 energy 0 bias 4 323725 0.993713 0.0540464 -0.949983 2.62073
 eta 2 energy 0 bias 5 322933 0.995103 0.0542819 -0.954731 2.60498
 eta 2 energy 0 bias 6 322253 0.996476 0.0544699 -0.958322 2.59019
 eta 2 energy 0 bias 7 321580 0.997849 0.0546591 -0.961845 2.57752
 eta 2 energy 0 bias 8 320959 0.999239 0.0548461 -0.966493 2.55777
 eta 2 energy 0 bias 9 320367 1.00061 0.0550146 -0.969303 2.55074
 eta 2 energy 0 bias 10 319779 1.00194 0.0551605 -0.970429 2.55246
 eta 2 energy 0 bias 11 319172 1.00331 0.0553103 -0.973485 2.53556
 eta 2 energy 0 bias 12 318562 1.00465 0.0554417 -0.974295 2.53548
 eta 2 energy 0 bias 13 318031 1.00595 0.0555253 -0.972403 2.55197
 eta 2 energy 0 bias 14 317452 1.00721 0.0556169 -0.969854 2.57145
 eta 2 energy 0 bias 15 316800 1.00849 0.0557198 -0.966018 2.60826
 eta 2 energy 1 bias 0 727739 0.99358 0.0563426 -0.818185 2.29381
 eta 2 energy 1 bias 1 726186 0.995593 0.0564783 -0.81775 2.30307
 eta 2 energy 1 bias 2 724470 0.997587 0.0566573 -0.817698 2.31461
 eta 2 energy 1 bias 3 722822 0.999646 0.0568754 -0.820752 2.30648
 eta 2 energy 1 bias 4 721115 1.00175 0.0571294 -0.82625 2.28064
 eta 2 energy 1 bias 5 542196 1.01035 0.0983028 -9.69906 8.00606
 eta 2 energy 1 bias 6 717907 1.0059 0.0575799 -0.835214 2.23967
 eta 2 energy 1 bias 7 716416 1.00794 0.057759 -0.837682 2.23055
 eta 2 energy 1 bias 8 714979 1.00993 0.0579237 -0.83942 2.2251
 eta 2 energy 1 bias 9 713254 1.01187 0.0580713 -0.837738 2.24153
 eta 2 energy 1 bias 10 578325 1.02132 0.0929877 -2.13246 1.14792
 eta 2 energy 1 bias 11 709958 1.01574 0.058306 -0.831672 2.29564
 eta 2 energy 1 bias 12 708157 1.01769 0.0584588 -0.828909 2.326
 eta 2 energy 1 bias 13 706054 1.01973 0.0587019 -0.829909 2.33127
 eta 2 energy 1 bias 14 560778 1.03569 0.0881125 3.81617 9.55392
 eta 2 energy 1 bias 15 562697 1.03806 0.0873969 -6.89508 9.92175
 eta 2 energy 2 bias 0 829685 0.996721 0.0603893 -0.741911 2.12206
 eta 2 energy 2 bias 1 827618 0.999228 0.0605735 -0.741829 2.13281
 eta 2 energy 2 bias 2 825294 1.00181 0.0608516 -0.745041 2.12225
 eta 2 energy 2 bias 3 613730 1.00925 0.115333 -7.13993 3.3623
 eta 2 energy 2 bias 4 614901 1.01429 0.11279 -9.26719 1.02107
 eta 2 energy 2 bias 5 818568 1.00965 0.0617567 -0.758588 2.07049
 eta 2 energy 2 bias 6 816616 1.01213 0.0618927 -0.756477 2.0932
 eta 2 energy 2 bias 7 814496 1.01461 0.0620496 -0.754613 2.11517
 eta 2 energy 2 bias 8 812122 1.01706 0.0622064 -0.750418 2.15526
 eta 2 energy 2 bias 9 809618 1.01957 0.0624262 -0.749806 2.16453
 eta 2 energy 2 bias 10 807011 1.02213 0.0627032 -0.750065 2.17935
 eta 2 energy 2 bias 11 804234 1.02477 0.0630576 -0.752992 2.17764
 eta 2 energy 2 bias 12 801496 1.02748 0.0634597 -0.758916 2.15238
 eta 2 energy 2 bias 13 798525 1.03025 0.063917 -0.765593 2.13022
 eta 2 energy 2 bias 14 795729 1.03301 0.0643487 -0.772965 2.09696
 eta 2 energy 2 bias 15 793069 1.03569 0.0646875 -0.775967 2.09314
 eta 2 energy 3 bias 0 466811 0.99257 0.136094 3.7788 2
 eta 2 energy 3 bias 1 611904 1.00196 0.0654204 -0.695014 2.02468
 eta 2 energy 3 bias 2 609938 1.00503 0.0658141 -0.700378 2.00229
 eta 2 energy 3 bias 3 608159 1.0081 0.066164 -0.705956 1.9725
 eta 2 energy 3 bias 4 606475 1.01107 0.0664153 -0.70825 1.96186
 eta 2 energy 3 bias 5 604693 1.01391 0.06658 -0.704924 1.98898
 eta 2 energy 3 bias 6 602930 1.0167 0.0666959 -0.699906 2.02947
 eta 2 energy 3 bias 7 600875 1.01958 0.0669382 -0.697042 2.06624
 eta 2 energy 3 bias 8 471096 1.03896 0.112842 -9.59809 9.8455
 eta 2 energy 3 bias 9 596601 1.02563 0.0676975 -0.700892 2.08361
 eta 2 energy 3 bias 10 594432 1.02881 0.0681952 -0.708265 2.04869
 eta 2 energy 3 bias 11 592409 1.03202 0.0686645 -0.716081 2.00956
 eta 2 energy 3 bias 12 590212 1.03514 0.0691162 -0.72116 1.99023
 eta 2 energy 3 bias 13 588111 1.03813 0.0694465 -0.721343 2.00679
 eta 2 energy 3 bias 14 585998 1.04106 0.0697047 -0.717423 2.05687
 eta 2 energy 3 bias 15 583760 1.044 0.0699929 -0.713633 2.10934
 eta 2 energy 4 bias 0 338052 1.00062 0.0702896 -0.664093 1.92525
 eta 2 energy 4 bias 1 336800 1.0042 0.0709366 -0.67664 1.85463
 eta 2 energy 4 bias 2 335892 1.00745 0.0711011 -0.675191 1.87399
 eta 2 energy 4 bias 3 334729 1.01075 0.0714689 -0.677676 1.8657
 eta 2 energy 4 bias 4 333720 1.01389 0.0715779 -0.672103 1.91315
 eta 2 energy 4 bias 5 332746 1.01696 0.0716725 -0.666452 1.96198
 eta 2 energy 4 bias 6 331516 1.02016 0.0719374 -0.663066 2.00535
 eta 2 energy 4 bias 7 330282 1.02364 0.0724148 -0.667972 1.98508
 eta 2 energy 4 bias 8 328920 1.02719 0.0730022 -0.674876 1.95434
 eta 2 energy 4 bias 9 327779 1.03071 0.0734394 -0.679818 1.93258
 eta 2 energy 4 bias 10 326537 1.03417 0.0738922 -0.682817 1.92918
 eta 2 energy 4 bias 11 325332 1.03753 0.0742388 -0.68321 1.93853
 eta 2 energy 4 bias 12 324069 1.04081 0.0745255 -0.678964 1.99581
 eta 2 energy 4 bias 13 322646 1.04427 0.0750246 -0.681825 1.99053
 eta 2 energy 4 bias 14 321323 1.04773 0.0755575 -0.687218 1.966
 eta 2 energy 4 bias 15 319949 1.05127 0.0761443 -0.693378 1.94377
 eta 2 energy 5 bias 0 144750 1.00107 0.0749402 -0.641131 1.85456
 eta 2 energy 5 bias 1 144249 1.00481 0.0753931 -0.646887 1.82893
 eta 2 energy 5 bias 2 143817 1.00832 0.0755657 -0.645572 1.8389
 eta 2 energy 5 bias 3 143362 1.01182 0.0757463 -0.643648 1.85752
 eta 2 energy 5 bias 4 142889 1.01529 0.0759326 -0.642665 1.85557
 eta 2 energy 5 bias 5 142362 1.01885 0.0762312 -0.640225 1.8906
 eta 2 energy 5 bias 6 141663 1.02255 0.0768786 -0.644623 1.87628
 eta 2 energy 5 bias 7 141264 1.02615 0.0771403 -0.646324 1.86988
 eta 2 energy 5 bias 8 140756 1.0297 0.0775896 -0.648937 1.86661
 eta 2 energy 5 bias 9 140174 1.03346 0.0781881 -0.655538 1.83464
 eta 2 energy 5 bias 10 139624 1.0371 0.0786151 -0.656495 1.84991
 eta 2 energy 5 bias 11 139079 1.04058 0.0788789 -0.651907 1.90694
 eta 2 energy 5 bias 12 138447 1.04429 0.079424 -0.654341 1.90408
 eta 2 energy 5 bias 13 137874 1.0482 0.0800262 -0.660886 1.87626
 eta 2 energy 5 bias 14 137310 1.05212 0.0806065 -0.668827 1.81469
 eta 2 energy 5 bias 15 136760 1.0559 0.0810693 -0.670635 1.8164
 eta 2 energy 6 bias 0 48493.7 1.0011 0.0786321 -0.618158 1.87301
 eta 2 energy 6 bias 1 48284.5 1.00497 0.0791687 -0.619184 1.89458
 eta 2 energy 6 bias 2 48210.3 1.00821 0.0785972 -0.599935 2.08492
 eta 2 energy 6 bias 3 43509 0.900068 0.0103532 -0.0297932 10
 eta 2 energy 6 bias 4 49155.5 0.941866 0.0164048 -0.0641113 10
 eta 2 energy 6 bias 5 47654.4 1.01971 0.0798984 -0.605634 2.07538
 eta 2 energy 6 bias 6 47379.5 1.02392 0.0809634 -0.617842 1.99009
 eta 2 energy 6 bias 7 47192.6 1.02788 0.0814487 -0.62168 1.96165
 eta 2 energy 6 bias 8 46972.1 1.03174 0.0819831 -0.622715 1.94858
 eta 2 energy 6 bias 9 46800.7 1.03553 0.0822512 -0.620425 1.98618
 eta 2 energy 6 bias 10 46611.6 1.03909 0.0825551 -0.61287 2.11451
 eta 2 energy 6 bias 11 46418.6 1.04286 0.0828722 -0.606634 2.25274
 eta 2 energy 6 bias 12 46155.3 1.04703 0.0838071 -0.61334 2.24482
 eta 2 energy 6 bias 13 45962.5 1.0511 0.0845012 -0.623751 2.12244
 eta 2 energy 6 bias 14 45761.7 1.0551 0.0851747 -0.630931 2.05126
 eta 2 energy 6 bias 15 45611.8 1.05885 0.0854568 -0.629032 2.11293
 eta 2 energy 7 bias 0 10729.9 0.961791 0.190462 0.000166379 5.75906
 eta 2 energy 7 bias 1 14360.6 0.934008 0.0109599 -0.0457524 10
 eta 2 energy 7 bias 2 12713.3 1.00911 0.0852273 -0.628844 1.67622
 eta 2 energy 7 bias 3 12667.1 1.01327 0.0856913 -0.637384 1.61799
 eta 2 energy 7 bias 4 10548.6 1.02229 0.151294 -9.29966 7.82906
 eta 2 energy 7 bias 5 10559.7 1.02972 0.147133 -9.23955 9.99121
 eta 2 energy 7 bias 6 12502.6 1.02481 0.0868649 -0.615034 1.97806
 eta 2 energy 7 bias 7 12455.6 1.02904 0.0871768 -0.617545 1.91781
 eta 2 energy 7 bias 8 11752 0.944908 0.0187664 -0.0552729 10
 eta 2 energy 7 bias 9 11755.1 0.936937 0.0117294 -0.0327638 10
 eta 2 energy 7 bias 10 12331.4 1.04024 0.0878458 -0.615173 1.92115
 eta 2 energy 7 bias 11 12252.6 1.04476 0.0892033 -0.627605 1.86548
 eta 2 energy 7 bias 12 10754.6 1.06797 0.128212 -1.74968 4.76759
 eta 2 energy 7 bias 13 12155.5 1.0526 0.0898797 -0.62135 1.92173
 eta 2 energy 7 bias 14 10827.8 1.07691 0.124477 -7.06854 1.11366
 eta 2 energy 7 bias 15 10856 1.08124 0.122866 -3.25011 8.05729
 eta 2 energy 8 bias 0 2417.18 0.976136 0.178214 -1.60327 8.69974
 eta 2 energy 8 bias 1 2384.58 0.987965 0.173244 -1.9829 9.89243
 eta 2 energy 8 bias 2 2731.3 1.00967 0.0965673 -0.681856 1.6658
 eta 2 energy 8 bias 3 2733.36 1.0138 0.0952382 -0.674968 1.59202
 eta 2 energy 8 bias 4 2720.53 1.01733 0.0959353 -0.656345 1.83862
 eta 2 energy 8 bias 5 2712.83 1.02199 0.0957137 -0.658299 1.82547
 eta 2 energy 8 bias 6 2689.31 1.02666 0.0977027 -0.665017 1.97398
 eta 2 energy 8 bias 7 2678.08 1.03105 0.0979915 -0.673884 1.80228
 eta 2 energy 8 bias 8 2355.81 1.04566 0.143575 -2.79723 1.73569
 eta 2 energy 8 bias 9 2362.98 1.05091 0.141327 0.912138 9.67582
 eta 2 energy 8 bias 10 2647.74 1.04237 0.0987261 -0.629932 2.65806
 eta 2 energy 8 bias 11 2370.4 1.05975 0.137588 -2.8129 6.36283
 eta 2 energy 8 bias 12 2631.74 1.04914 0.0991466 -0.614908 3.30961
 eta 2 energy 8 bias 13 2611.54 1.05375 0.10077 -0.636561 2.81024
 eta 2 energy 8 bias 14 2597 1.05834 0.102326 -0.673215 2.12278
 eta 2 energy 8 bias 15 2581.56 1.06214 0.103834 -0.686191 2.02236
 eta 2 energy 9 bias 0 625.751 0.997201 0.123673 -0.835771 1.1111
 eta 2 energy 9 bias 1 634.369 1.00334 0.112929 -0.726072 1.55076
 eta 2 energy 9 bias 2 634.103 1.00865 0.108494 -0.646259 2.76125
 eta 2 energy 9 bias 3 631.589 1.01072 0.109059 -0.614275 3.53296
 eta 2 energy 9 bias 4 568.229 1.00648 0.173122 5.80739 1.07347
 eta 2 energy 9 bias 5 565.41 1.01358 0.170626 -3.11521 3.92571
 eta 2 energy 9 bias 6 622.199 1.0223 0.115863 -0.756966 1.17111
 eta 2 energy 9 bias 7 563.975 1.02666 0.163922 9.88037 9.00692
 eta 2 energy 9 bias 8 614.497 1.03198 0.118104 -0.780053 1.03399
 eta 2 energy 9 bias 9 612.051 1.03559 0.118123 -0.782914 1
 eta 2 energy 9 bias 10 559.656 1.04382 0.158162 0.770386 9.91351
 eta 2 energy 9 bias 11 561.394 1.04853 0.154092 -5.98735 3.13401
 eta 2 energy 9 bias 12 562.607 1.05435 0.150843 -4.62012 9.21517
 eta 2 energy 9 bias 13 608.981 1.04854 0.115564 -0.753906 1
 eta 2 energy 9 bias 14 561.9 1.06216 0.149099 -9.86051 3.46593
 eta 2 energy 9 bias 15 610.363 1.05318 0.110254 -0.565312 10
 eta 3 energy 0 bias 0 29596.6 0.994372 0.066795 -0.885373 3.12684
 eta 3 energy 0 bias 1 29538.6 0.995598 0.0669895 -0.885847 3.15317
 eta 3 energy 0 bias 2 29493.1 0.996799 0.0671599 -0.886272 3.16223
 eta 3 energy 0 bias 3 29421.3 0.998022 0.0674717 -0.887457 3.20023
 eta 3 energy 0 bias 4 29367.9 0.999237 0.0677496 -0.893377 3.14731
 eta 3 energy 0 bias 5 23833.5 0.995495 0.108929 3.0719 4.58789
 eta 3 energy 0 bias 6 29303.8 1.00158 0.0678067 -0.889779 3.15551
 eta 3 energy 0 bias 7 29270.9 1.00263 0.0678376 -0.883698 3.2188
 eta 3 energy 0 bias 8 23827.2 1.00184 0.106712 0.748282 8.06635
 eta 3 energy 0 bias 9 29143.1 1.00503 0.0683028 -0.883425 3.3063
 eta 3 energy 0 bias 10 29094 1.00624 0.0684589 -0.881522 3.37346
 eta 3 energy 0 bias 11 29035.3 1.00748 0.0687099 -0.886036 3.32535
 eta 3 energy 0 bias 12 28992.9 1.00865 0.0688118 -0.879859 3.46894
 eta 3 energy 0 bias 13 28952.9 1.00996 0.0688713 -0.87864 3.50572
 eta 3 energy 0 bias 14 28874.1 1.01124 0.069262 -0.883793 3.48983
 eta 3 energy 0 bias 15 28823.5 1.01255 0.0694296 -0.885388 3.48418
 eta 3 energy 1 bias 0 105100 0.999414 0.0702947 -0.787232 2.59522
 eta 3 energy 1 bias 1 104931 1.00126 0.070436 -0.786767 2.61444
 eta 3 energy 1 bias 2 83790.4 0.998047 0.123955 -2.37742 8.14475
 eta 3 energy 1 bias 3 104524 1.00499 0.070821 -0.78867 2.62471
 eta 3 energy 1 bias 4 104384 1.00674 0.0708399 -0.783577 2.69349
 eta 3 energy 1 bias 5 104346 1.00852 0.0706506 -0.777312 2.74108
 eta 3 energy 1 bias 6 104088 1.01029 0.0708534 -0.774995 2.78463
 eta 3 energy 1 bias 7 103806 1.01222 0.0711947 -0.777773 2.78953
 eta 3 energy 1 bias 8 103609 1.01409 0.0713778 -0.778831 2.7836
 eta 3 energy 1 bias 9 103399 1.01601 0.0716115 -0.782399 2.75503
 eta 3 energy 1 bias 10 103143 1.01794 0.0719165 -0.78509 2.75052
 eta 3 energy 1 bias 11 102827 1.01999 0.0724251 -0.79493 2.67314
 eta 3 energy 1 bias 12 84273 1.0303 0.11069 -2.50655 9.76185
 eta 3 energy 1 bias 13 84440.4 1.03303 0.109622 -2.31124 9.68826
 eta 3 energy 1 bias 14 102195 1.02577 0.0730979 -0.802485 2.62811
 eta 3 energy 1 bias 15 102082 1.02759 0.0731162 -0.79834 2.69132
 eta 3 energy 2 bias 0 192682 1.00239 0.0742858 -0.684258 2.59737
 eta 3 energy 2 bias 1 192363 1.00469 0.0743612 -0.684162 2.59407
 eta 3 energy 2 bias 2 191979 1.00691 0.0744523 -0.6805 2.65789
 eta 3 energy 2 bias 3 191546 1.00918 0.0746608 -0.679775 2.68749
 eta 3 energy 2 bias 4 191131 1.01139 0.0747475 -0.675742 2.75322
 eta 3 energy 2 bias 5 190781 1.01362 0.0747904 -0.672218 2.80026
 eta 3 energy 2 bias 6 190281 1.01596 0.0750318 -0.670718 2.86477
 eta 3 energy 2 bias 7 189711 1.0184 0.0754147 -0.673577 2.86278
 eta 3 energy 2 bias 8 189287 1.02075 0.0756009 -0.671235 2.94523
 eta 3 energy 2 bias 9 188793 1.02326 0.0760125 -0.678086 2.85575
 eta 3 energy 2 bias 10 188217 1.02585 0.0765481 -0.686758 2.76861
 eta 3 energy 2 bias 11 187631 1.02833 0.0770058 -0.690411 2.77286
 eta 3 energy 2 bias 12 187099 1.03076 0.0773946 -0.694059 2.74723
 eta 3 energy 2 bias 13 186587 1.0331 0.0776581 -0.693118 2.78547
 eta 3 energy 2 bias 14 186073 1.03539 0.0779037 -0.690439 2.85075
 eta 3 energy 2 bias 15 185611 1.03767 0.0780998 -0.687615 2.93068
 eta 3 energy 3 bias 0 210965 1.00401 0.0803238 -0.633622 2.44476
 eta 3 energy 3 bias 1 210655 1.00655 0.0802306 -0.62978 2.48887
 eta 3 energy 3 bias 2 210031 1.00922 0.0805728 -0.630106 2.52077
 eta 3 energy 3 bias 3 209570 1.01175 0.0807134 -0.628875 2.53221
 eta 3 energy 3 bias 4 209056 1.01432 0.0808301 -0.626553 2.56903
 eta 3 energy 3 bias 5 208482 1.01687 0.0810606 -0.623797 2.64293
 eta 3 energy 3 bias 6 208013 1.01951 0.0812184 -0.623632 2.65029
 eta 3 energy 3 bias 7 207435 1.02221 0.0815387 -0.624716 2.65873
 eta 3 energy 3 bias 8 206825 1.025 0.0819962 -0.627754 2.66287
 eta 3 energy 3 bias 9 206297 1.0278 0.0823472 -0.631832 2.61495
 eta 3 energy 3 bias 10 205740 1.03059 0.0827759 -0.635709 2.59859
 eta 3 energy 3 bias 11 205070 1.03325 0.0831416 -0.633679 2.68599
 eta 3 energy 3 bias 12 204400 1.03597 0.0835817 -0.634511 2.72994
 eta 3 energy 3 bias 13 203878 1.03862 0.0837857 -0.632605 2.79225
 eta 3 energy 3 bias 14 203183 1.04134 0.0842134 -0.634538 2.76819
 eta 3 energy 3 bias 15 202529 1.04412 0.084618 -0.635063 2.82161
 eta 3 energy 4 bias 0 168708 1.00371 0.0865458 -0.592722 2.48857
 eta 3 energy 4 bias 1 168256 1.00666 0.086819 -0.593951 2.47764
 eta 3 energy 4 bias 2 167951 1.00939 0.0866637 -0.587548 2.57575
 eta 3 energy 4 bias 3 167607 1.01216 0.08675 -0.586148 2.59422
 eta 3 energy 4 bias 4 167262 1.01488 0.0867188 -0.580413 2.71376
 eta 3 energy 4 bias 5 166738 1.01789 0.0872224 -0.584555 2.67263
 eta 3 energy 4 bias 6 166194 1.0209 0.0877715 -0.588154 2.65471
 eta 3 energy 4 bias 7 165697 1.02389 0.0882651 -0.592541 2.607
 eta 3 energy 4 bias 8 165162 1.02689 0.0887707 -0.59501 2.61572
 eta 3 energy 4 bias 9 164689 1.02978 0.0891038 -0.595596 2.62409
 eta 3 energy 4 bias 10 164187 1.03275 0.0894472 -0.594958 2.6854
 eta 3 energy 4 bias 11 163678 1.03566 0.0898041 -0.594709 2.72655
 eta 3 energy 4 bias 12 163198 1.03848 0.090013 -0.590096 2.86267
 eta 3 energy 4 bias 13 162640 1.04143 0.0904761 -0.590728 2.90377
 eta 3 energy 4 bias 14 162084 1.04459 0.0910981 -0.597331 2.81753
 eta 3 energy 4 bias 15 161479 1.04765 0.091639 -0.598783 2.83129
 eta 3 energy 5 bias 0 121929 1.00303 0.093935 -0.574454 2.87312
 eta 3 energy 5 bias 1 121696 1.00594 0.0936312 -0.566204 3.05844
 eta 3 energy 5 bias 2 121596 1.0087 0.0929396 -0.55417 3.30773
 eta 3 energy 5 bias 3 121269 1.01151 0.0929773 -0.548069 3.5184
 eta 3 energy 5 bias 4 120913 1.01449 0.0931263 -0.545231 3.61165
 eta 3 energy 5 bias 5 120577 1.0175 0.0932693 -0.540923 3.88379
 eta 3 energy 5 bias 6 120156 1.0209 0.0940218 -0.55059 3.54373
 eta 3 energy 5 bias 7 104304 1.03348 0.15283 -2.99029 1.23406
 eta 3 energy 5 bias 8 119311 1.02741 0.095335 -0.56223 3.24356
 eta 3 energy 5 bias 9 118872 1.03069 0.0959953 -0.566122 3.21885
 eta 3 energy 5 bias 10 118559 1.03355 0.0960318 -0.559105 3.48636
 eta 3 energy 5 bias 11 118181 1.03635 0.0960818 -0.545601 4.30919
 eta 3 energy 5 bias 12 117826 1.03941 0.0963673 -0.543099 4.60224
 eta 3 energy 5 bias 13 117406 1.04263 0.096985 -0.548999 4.25224
 eta 3 energy 5 bias 14 116921 1.04615 0.0978512 -0.555953 4.11846
 eta 3 energy 5 bias 15 116388 1.0497 0.0988307 -0.563566 3.88966
 eta 3 energy 6 bias 0 90678.1 1.00225 0.101314 -0.575057 3.08114
 eta 3 energy 6 bias 1 90595.7 1.0049 0.100182 -0.553907 3.65686
 eta 3 energy 6 bias 2 90316.4 1.00833 0.100565 -0.557179 3.58059
 eta 3 energy 6 bias 3 89954.4 1.01156 0.101269 -0.557407 3.73881
 eta 3 energy 6 bias 4 89796.1 1.01455 0.100821 -0.547182 4.15342
 eta 3 energy 6 bias 5 89469.4 1.01811 0.101553 -0.553655 3.97067
 eta 3 energy 6 bias 6 89128.8 1.02161 0.102039 -0.552584 4.24447
 eta 3 energy 6 bias 7 88917.6 1.02478 0.101877 -0.546876 4.44178
 eta 3 energy 6 bias 8 88582.2 1.0283 0.102522 -0.548088 4.57369
 eta 3 energy 6 bias 9 88244.1 1.0316 0.102924 -0.542599 5.35685
 eta 3 energy 6 bias 10 87948.7 1.03492 0.103048 -0.535659 6.33004
 eta 3 energy 6 bias 11 87580.6 1.03846 0.103864 -0.537446 6.83876
 eta 3 energy 6 bias 12 87262.5 1.04181 0.10416 -0.529079 9.9918
 eta 3 energy 6 bias 13 86936.1 1.04552 0.10484 -0.538127 7.56214
 eta 3 energy 6 bias 14 86523.9 1.04911 0.105855 -0.53889 9.45107
 eta 3 energy 6 bias 15 86240.9 1.05243 0.106286 -0.539219 10
 eta 3 energy 7 bias 0 68856.9 1.00179 0.106614 -0.56112 3.60612
 eta 3 energy 7 bias 1 72077.2 0.90851 0.0316789 -0.0887895 10
 eta 3 energy 7 bias 2 72048.7 0.90296 0.0215218 -0.0579374 10
 eta 3 energy 7 bias 3 71228.3 0.900749 0.0110289 -0.028447 10
 eta 3 energy 7 bias 4 68496.9 0.901045 0.0777587 -0.1904 10
 eta 3 energy 7 bias 5 67840.8 1.01828 0.1072 -0.543408 4.62582
 eta 3 energy 7 bias 6 67528.4 1.02193 0.108305 -0.55263 4.18746
 eta 3 energy 7 bias 7 67292.7 1.02533 0.108651 -0.552422 4.20227
 eta 3 energy 7 bias 8 60513.5 1.03596 0.163468 -9.99976 9.63727
 eta 3 energy 7 bias 9 66827 1.03194 0.109266 -0.548084 4.59908
 eta 3 energy 7 bias 10 66625.2 1.0351 0.109239 -0.539387 5.29728
 eta 3 energy 7 bias 11 66386.3 1.03833 0.109603 -0.537936 5.36435
 eta 3 energy 7 bias 12 66137.5 1.04181 0.110057 -0.538908 5.37852
 eta 3 energy 7 bias 13 65855.5 1.04515 0.110603 -0.536652 5.63707
 eta 3 energy 7 bias 14 65605.9 1.04886 0.111258 -0.540659 5.35106
 eta 3 energy 7 bias 15 65319.5 1.0526 0.112042 -0.542946 5.56033
 eta 3 energy 8 bias 0 50988.1 1.00236 0.111877 -0.560435 4.03365
 eta 3 energy 8 bias 1 50776.1 1.00542 0.112506 -0.551911 4.96686
 eta 3 energy 8 bias 2 45906 0.997853 0.18644 1.88628 4.9879
 eta 3 energy 8 bias 3 50350.5 1.01248 0.113589 -0.54646 6.10695
 eta 3 energy 8 bias 4 50267.8 1.01548 0.112317 -0.523805 9.64751
 eta 3 energy 8 bias 5 50050.8 1.01916 0.113474 -0.531323 9.19954
 eta 3 energy 8 bias 6 49815.3 1.02292 0.114687 -0.536837 9.53811
 eta 3 energy 8 bias 7 49653.3 1.02643 0.115119 -0.537189 10
 eta 3 energy 8 bias 8 49518.1 1.02989 0.114975 -0.534026 10
 eta 3 energy 8 bias 9 49272.2 1.03386 0.11632 -0.541362 10
 eta 3 energy 8 bias 10 49090.9 1.0376 0.116741 -0.541425 10
 eta 3 energy 8 bias 11 48889.9 1.04147 0.117427 -0.542569 10
 eta 3 energy 8 bias 12 48662.7 1.04538 0.118341 -0.545123 10
 eta 3 energy 8 bias 13 48439.8 1.04919 0.119406 -0.549772 10
 eta 3 energy 8 bias 14 48208.3 1.05287 0.120455 -0.553548 10
 eta 3 energy 8 bias 15 47992.7 1.05628 0.121338 -0.554486 10
 eta 3 energy 9 bias 0 102284 1.00502 0.126827 -0.593845 9.98237
 eta 3 energy 9 bias 1 102016 1.00883 0.127017 -0.600573 7.51841
 eta 3 energy 9 bias 2 101664 1.01253 0.127267 -0.593805 10
 eta 3 energy 9 bias 3 101385 1.01622 0.127149 -0.590744 10
 eta 3 energy 9 bias 4 101121 1.01986 0.127195 -0.589795 10
 eta 3 energy 9 bias 5 100773 1.02354 0.127836 -0.591816 10
 eta 3 energy 9 bias 6 100443 1.02735 0.127901 -0.590489 10
 eta 3 energy 9 bias 7 100136 1.0309 0.128109 -0.58845 10
 eta 3 energy 9 bias 8 99774.8 1.03466 0.128429 -0.587967 10
 eta 3 energy 9 bias 9 99373.5 1.03838 0.129215 -0.590146 10
 eta 3 energy 9 bias 10 99024.1 1.0422 0.129466 -0.589769 9.99103
 eta 3 energy 9 bias 11 98728.1 1.04572 0.129433 -0.585038 10
 eta 3 energy 9 bias 12 98391.2 1.0495 0.129789 -0.585874 10
 eta 3 energy 9 bias 13 98000.9 1.05308 0.130429 -0.584346 10
 eta 3 energy 9 bias 14 97602.8 1.0571 0.13093 -0.584974 10
 eta 3 energy 9 bias 15 97235.5 1.06067 0.131296 -0.581409 10
 eta 4 energy 0 bias 0 91396 0.945 0.120312 -0.702662 1.87394
 eta 4 energy 0 bias 1 91299.6 0.94651 0.119872 -0.698229 1.89165
 eta 4 energy 0 bias 2 91146.5 0.948153 0.119546 -0.695723 1.88917
 eta 4 energy 0 bias 3 91054.7 0.949562 0.119236 -0.691236 1.91877
 eta 4 energy 0 bias 4 90983 0.950891 0.118888 -0.686799 1.94208
 eta 4 energy 0 bias 5 90865.6 0.952492 0.118372 -0.680994 1.98309
 eta 4 energy 0 bias 6 90767.5 0.953926 0.118062 -0.677606 2.00455
 eta 4 energy 0 bias 7 90620.5 0.95495 0.11846 -0.676864 2.0204
 eta 4 energy 0 bias 8 90523.1 0.956525 0.117992 -0.672899 2.03509
 eta 4 energy 0 bias 9 90441.6 0.957861 0.117562 -0.666614 2.08293
 eta 4 energy 0 bias 10 90313.8 0.959229 0.117452 -0.662582 2.13012
 eta 4 energy 0 bias 11 90142.5 0.960636 0.117698 -0.661735 2.1692
 eta 4 energy 0 bias 12 89952.2 0.961649 0.118736 -0.667502 2.15103
 eta 4 energy 0 bias 13 89823.1 0.963234 0.118112 -0.659747 2.21574
 eta 4 energy 0 bias 14 89663 0.964575 0.118423 -0.661115 2.20195
 eta 4 energy 0 bias 15 89533.4 0.965995 0.118465 -0.661473 2.18581
 eta 4 energy 1 bias 0 200172 0.960861 0.109834 -0.626633 2.44116
 eta 4 energy 1 bias 1 199816 0.963164 0.109014 -0.617261 2.52699
 eta 4 energy 1 bias 2 199621 0.965495 0.107887 -0.607015 2.6029
 eta 4 energy 1 bias 3 199340 0.967726 0.107261 -0.601118 2.64628
 eta 4 energy 1 bias 4 199076 0.96966 0.106981 -0.596742 2.68274
 eta 4 energy 1 bias 5 198638 0.971722 0.106885 -0.592462 2.7623
 eta 4 energy 1 bias 6 198477 0.973794 0.105868 -0.581516 2.88075
 eta 4 energy 1 bias 7 198163 0.975852 0.105417 -0.575594 2.95056
 eta 4 energy 1 bias 8 197855 0.978039 0.104936 -0.571519 2.95873
 eta 4 energy 1 bias 9 197520 0.980127 0.104713 -0.569023 2.96142
 eta 4 energy 1 bias 10 197139 0.982138 0.104639 -0.564623 3.07827
 eta 4 energy 1 bias 11 196551 0.984251 0.105366 -0.568334 3.05826
 eta 4 energy 1 bias 12 196165 0.986405 0.105372 -0.567605 3.05273
 eta 4 energy 1 bias 13 195706 0.988442 0.105694 -0.567755 3.0774
 eta 4 energy 1 bias 14 195419 0.99048 0.105476 -0.563713 3.16176
 eta 4 energy 1 bias 15 195056 0.992369 0.105479 -0.558847 3.33343
 eta 4 energy 2 bias 0 251775 0.972745 0.105646 -0.469969 4.29399
 eta 4 energy 2 bias 1 251114 0.975366 0.105598 -0.467063 4.41168
 eta 4 energy 2 bias 2 250416 0.978006 0.105902 -0.466803 4.47296
 eta 4 energy 2 bias 3 249966 0.980527 0.105185 -0.459303 4.77887
 eta 4 energy 2 bias 4 249340 0.983168 0.105217 -0.456881 5.00619
 eta 4 energy 2 bias 5 248720 0.985863 0.104975 -0.452946 5.23439
 eta 4 energy 2 bias 6 248200 0.988427 0.104561 -0.447676 5.57353
 eta 4 energy 2 bias 7 247486 0.991123 0.104971 -0.448181 5.64346
 eta 4 energy 2 bias 8 247011 0.993641 0.104384 -0.440804 6.29989
 eta 4 energy 2 bias 9 246483 0.996194 0.10427 -0.437857 6.60002
 eta 4 energy 2 bias 10 245923 0.998602 0.104207 -0.432875 7.62493
 eta 4 energy 2 bias 11 245038 1.00141 0.105239 -0.436772 7.6695
 eta 4 energy 2 bias 12 244459 1.00408 0.105333 -0.435422 8.00632
 eta 4 energy 2 bias 13 243703 1.00678 0.105882 -0.436107 8.32633
 eta 4 energy 2 bias 14 243065 1.00936 0.106149 -0.435304 8.62804
 eta 4 energy 2 bias 15 242287 1.01209 0.106792 -0.437059 8.70166
 eta 4 energy 3 bias 0 209188 0.981344 0.117782 -0.397266 10
 eta 4 energy 3 bias 1 208734 0.984534 0.116951 -0.392862 10
 eta 4 energy 3 bias 2 208263 0.987896 0.1161 -0.388876 10
 eta 4 energy 3 bias 3 207904 0.991069 0.114849 -0.383368 10
 eta 4 energy 3 bias 4 207379 0.994262 0.114381 -0.380539 10
 eta 4 energy 3 bias 5 189778 0.975364 0.234436 0.260089 9.74234
 eta 4 energy 3 bias 6 205980 1.00076 0.115106 -0.380343 10
 eta 4 energy 3 bias 7 205303 1.00404 0.115516 -0.380559 10
 eta 4 energy 3 bias 8 204774 1.00726 0.115269 -0.37859 10
 eta 4 energy 3 bias 9 204246 1.0105 0.115245 -0.377695 10
 eta 4 energy 3 bias 10 203605 1.01374 0.115486 -0.377063 10
 eta 4 energy 3 bias 11 203016 1.01689 0.115478 -0.375511 10
 eta 4 energy 3 bias 12 202461 1.01991 0.115212 -0.372582 10
 eta 4 energy 3 bias 13 201771 1.02313 0.11556 -0.3721 10
 eta 4 energy 3 bias 14 201099 1.02644 0.115946 -0.372049 10
 eta 4 energy 3 bias 15 200437 1.02987 0.116465 -0.373272 10
 eta 4 energy 4 bias 0 134007 0.988303 0.123868 -0.349145 10
 eta 4 energy 4 bias 1 133637 0.9919 0.122839 -0.344567 10
 eta 4 energy 4 bias 2 133138 0.995477 0.123156 -0.343953 10
 eta 4 energy 4 bias 3 132702 0.998991 0.122827 -0.341019 10
 eta 4 energy 4 bias 4 132239 1.00276 0.122667 -0.338969 10
 eta 4 energy 4 bias 5 131809 1.00641 0.12264 -0.337482 10
 eta 4 energy 4 bias 6 131228 1.01025 0.123479 -0.338475 10
 eta 4 energy 4 bias 7 130823 1.0138 0.123245 -0.336415 10
 eta 4 energy 4 bias 8 130460 1.01747 0.122701 -0.333867 10
 eta 4 energy 4 bias 9 130038 1.02101 0.122571 -0.331688 10
 eta 4 energy 4 bias 10 129601 1.0244 0.122306 -0.328671 10
 eta 4 energy 4 bias 11 121566 0.90119 0.0853802 -0.091334 10
 eta 4 energy 4 bias 12 119001 1.05389 0.203868 0.647456 1.82919
 eta 4 energy 4 bias 13 115464 0.910442 0.106027 -0.0925874 10
 eta 4 energy 4 bias 14 118864 1.06508 0.195936 0.730247 7.83135
 eta 4 energy 4 bias 15 118817 1.07001 0.192687 0.768181 6.75169
 eta 4 energy 5 bias 0 75751.6 0.900438 0.0887383 -0.156516 10
 eta 4 energy 5 bias 1 75154.1 0.90009 0.0733513 -0.123976 10
 eta 4 energy 5 bias 2 70827.5 0.998018 0.126136 -0.312956 10
 eta 4 energy 5 bias 3 70555.3 1.00166 0.125718 -0.309375 10
 eta 4 energy 5 bias 4 70247.8 1.00553 0.126339 -0.308854 10
 eta 4 energy 5 bias 5 69873.9 1.01021 0.128448 -0.314803 8.50489
 eta 4 energy 5 bias 6 69634.1 1.01403 0.127738 -0.309885 10
 eta 4 energy 5 bias 7 69391.7 1.01808 0.127651 -0.309172 10
 eta 4 energy 5 bias 8 69104.6 1.02202 0.128028 -0.308962 10
 eta 4 energy 5 bias 9 68899.7 1.02547 0.126666 -0.303001 10
 eta 4 energy 5 bias 10 68555.2 1.02954 0.127694 -0.303837 10
 eta 4 energy 5 bias 11 68262.5 1.03403 0.128567 -0.305818 10
 eta 4 energy 5 bias 12 67992.7 1.03824 0.128709 -0.3051 10
 eta 4 energy 5 bias 13 67683.4 1.04226 0.129178 -0.303513 10
 eta 4 energy 5 bias 14 67408.6 1.04655 0.129624 -0.304201 10
 eta 4 energy 5 bias 15 67145.1 1.05049 0.129784 -0.303445 10
 eta 4 energy 6 bias 0 37029.2 0.900963 0.0100908 -0.0179504 10
 eta 4 energy 6 bias 1 32188.3 0.961501 0.280274 -7.17369 7.01106
 eta 4 energy 6 bias 2 31916.6 0.975299 0.270417 -3.25793 4.21052
 eta 4 energy 6 bias 3 35653.5 0.9 0.0205771 -0.0320739 10
 eta 4 energy 6 bias 4 35127 0.900001 0.0111509 -0.0165014 10
 eta 4 energy 6 bias 5 36106.6 0.934017 0.0155871 -0.0278911 10
 eta 4 energy 6 bias 6 33870 0.906584 0.499348 -3.24586 9.65383
 eta 4 energy 6 bias 7 33377.5 1.01902 0.130929 -0.319372 10
 eta 4 energy 6 bias 8 33221.4 1.02346 0.131785 -0.321192 10
 eta 4 energy 6 bias 9 33140.5 1.0267 0.129244 -0.310394 10
 eta 4 energy 6 bias 10 32968.6 1.03043 0.129453 -0.306563 9.80502
 eta 4 energy 6 bias 11 32808.8 1.03468 0.129854 -0.304973 9.61276
 eta 4 energy 6 bias 12 30624.3 1.06587 0.207542 0.693229 9.86072
 eta 4 energy 6 bias 13 31849.1 0.938046 0.0175265 -0.0190155 10
 eta 4 energy 6 bias 14 32322.1 1.04742 0.13124 -0.29904 10
 eta 4 energy 6 bias 15 30620.6 0.934564 0.0135047 -0.0117573 10
 eta 4 energy 7 bias 0 17985.6 0.929395 0.0100392 -0.0227264 10
 eta 4 energy 7 bias 1 16038.4 0.9955 0.125397 -0.337131 10
 eta 4 energy 7 bias 2 16933.3 0.900053 0.0100008 -0.0171955 10
 eta 4 energy 7 bias 3 15879.3 1.00317 0.128908 -0.343217 10
 eta 4 energy 7 bias 4 14643.2 0.978919 0.269813 7.34782e-05 9.72868
 eta 4 energy 7 bias 5 16183.5 0.900152 0.0105242 -0.0155351 10
 eta 4 energy 7 bias 6 14534.4 1.01981 0.231729 1.32801 3.36457
 eta 4 energy 7 bias 7 15641.3 1.01901 0.128957 -0.338035 10
 eta 4 energy 7 bias 8 15230.5 0.902419 0.0170245 -0.0202879 10
 eta 4 energy 7 bias 9 14393.6 1.04351 0.215922 -1.89185 7.24412
 eta 4 energy 7 bias 10 14367.1 1.05089 0.210065 -3.57431 4.60355
 eta 4 energy 7 bias 11 15334 1.03634 0.131885 -0.339444 10
 eta 4 energy 7 bias 12 14307.9 1.06198 0.20411 -7.31021 1.08895
 eta 4 energy 7 bias 13 15181.5 1.04436 0.133708 -0.338097 10
 eta 4 energy 7 bias 14 14273.5 1.07279 0.197074 -9.4826 6.56525
 eta 4 energy 7 bias 15 15082.2 1.05108 0.132095 -0.327964 10
 eta 4 energy 8 bias 0 7823.58 0.915916 0.0337559 -0.067515 10
 eta 4 energy 8 bias 1 8011.3 0.90013 0.0132788 -0.0258544 10
 eta 4 energy 8 bias 2 7897.21 0.900009 0.0427467 -0.0801023 10
 eta 4 energy 8 bias 3 7932.21 0.942893 0.0277627 -0.0614588 10
 eta 4 energy 8 bias 4 7339.18 1.00764 0.127287 -0.371418 10
 eta 4 energy 8 bias 5 7279.73 1.01177 0.131852 -0.383711 10
 eta 4 energy 8 bias 6 7414.07 0.902119 0.0522842 -0.0808496 10
 eta 4 energy 8 bias 7 6720.35 1.02278 0.219526 1.11457 9.14336
 eta 4 energy 8 bias 8 7201.52 1.02342 0.133942 -0.392612 10
 eta 4 energy 8 bias 9 7185.19 1.02656 0.132898 -0.384005 10
 eta 4 energy 8 bias 10 7492.86 0.930765 0.0101687 -0.0167646 10
 eta 4 energy 8 bias 11 7114.51 1.03466 0.134768 -0.383442 10
 eta 4 energy 8 bias 12 7100.16 1.03818 0.134078 -0.380338 10
 eta 4 energy 8 bias 13 7087.1 1.04103 0.13236 -0.379343 3.65362
 eta 4 energy 8 bias 14 7055.16 1.04447 0.132206 -0.364431 10
 eta 4 energy 8 bias 15 7033.06 1.04777 0.131628 -0.35912 10
 eta 4 energy 9 bias 0 6472.05 0.9 0.0100006 -0.0216492 10
 eta 4 energy 9 bias 1 5776.76 1.00179 0.147059 -0.535775 2.56853
 eta 4 energy 9 bias 2 5748.66 1.00501 0.149021 -0.534846 2.90466
 eta 4 energy 9 bias 3 5428.06 0.991583 0.229003 -6.04265 2.32494
 eta 4 energy 9 bias 4 5398.27 0.997698 0.226999 -7.9216 2.9749
 eta 4 energy 9 bias 5 5382.33 1.00512 0.222093 -2.17206 3.65798
 eta 4 energy 9 bias 6 6002.67 0.900109 0.0233858 -0.0398378 10
 eta 4 energy 9 bias 7 5896.53 0.9 0.0106449 -0.017007 10
 eta 4 energy 9 bias 8 5787.21 0.900002 0.0502741 -0.0761607 10
 eta 4 energy 9 bias 9 5962.86 0.946933 0.0292945 -0.0565915 10
 eta 4 energy 9 bias 10 5678.39 1.03146 0.13531 -0.427408 9.99998
 eta 4 energy 9 bias 11 5306.68 1.0454 0.197924 -6.56737 1.11715
 eta 4 energy 9 bias 12 4980.7 1.04748 0.217012 7.36314e-05 9.99812
 eta 4 energy 9 bias 13 5300.75 1.05611 0.191134 -1.72429 9.68863
 eta 4 energy 9 bias 14 5299.8 1.0597 0.189639 -6.50642 9.44034
 eta 4 energy 9 bias 15 5055.98 0.908614 0.0413468 -0.0362802 10
